杏,None,蒌,None,桔,None,耆,None,二母,None,桑白皮,None,防己,None,百合,None,薏苡仁,None,地骨皮,None,葶苈子,None,五味子,None,草,None
桔梗,3钱,甘草,1钱,青黛,5钱,百部,1钱,山豆根,1钱,人参,3钱,茯苓,5钱,天花粉,3钱
马牙消,5钱,茯苓,5钱,麦冬,5钱,干山药,5钱,甘草,5钱,寒水石,5钱,冰片,1字,朱砂,1两
黄连,0.5两,当归身,0.5两,麦冬,0.5两,茯苓,0.5两,甘草,0.5两,朱砂,1两,冰片,2分
珍珠,3克,牛黄,0.9克,麝香,0.9克,冰片,4.5克,珊瑚,1.5克,玛瑙,1.5克,熊胆,1.8克,青鱼胆,2只,炉甘石,15克,海螵蛸,2.1克,黄连,6克,荸荠粉,7.5克,蕤仁霜,3克
车前子,1斤,瞿麦,1斤,扁蓄,1斤,滑石,1斤,山栀子仁,1斤,甘草,1斤,川木通,1斤,大黄,None
车前子,500克,瞿麦,500克,扁蓄,500克,滑石,500克,山栀子仁,500克,甘草,500克,川木通,500克,大黄,500克
紫花地丁,1两,甘菊花,1两
石膏,24克,大黄,9克,生甘草,2.4克,知母,12克,玄明粉,6克,陈仓米,9克
知母,18克,石膏,30～45克,甘草,6克,粳米,12克,人参,9克
白术,None,赤苓,None,人参,None,甘草,None
天花粉,1斤,刮去粗皮,None,磨细末,None,筛过极细末,None,将绢袋盛,None,用清水中洗,None,出浆出滓,None,澄清换水,None,去苦,None,河南真绿豆粉,None,苏州薄荷叶,1斤,层层间隔,None,封瓶口,None,入锅内,None,隔水煮,None,炷香为度,None,取起冷定,None,开瓶筛,None,檀香,5钱,白石英,5钱,白硼砂,5钱,白豆蔻,1两,玄明粉,1两,白石膏,2两,柿霜,3两,轻粉,8两
生地,15克,麦冬,15克,知母,10克,石膏,30克,玄参,18克,天花粉,15克,牛膝,10克,大黄,9克,甘草,6克
荆芥,None,生地,None,黄连,None,净花,None,连翘,None,防风,None,黄芩,None,桔梗,None,甘草,None,栀子,None,力子,None,黄柏,None,玄参,None,竹叶,None
黄芩,None,黄连,None,连翘,None,川贝,None,桔梗,None,栀子,None,金银花,None,力子,None,生地,None,甘草,None,红花,None,竹叶,None
半夏,None,天南星,None,石膏,None,香附,None,栀子,None
薄荷,2两,火硝,2两,没食子,2两,冰片,7分,玄明粉,1两,硼砂,1两,大青盐,2两
知母,5分,川贝,2钱,天冬,3钱,麦冬,1钱,薏苡仁,5钱,五味子,10粒,甘草,8分,桔梗,8分,马兜铃,8分,百合,8分,阿胶,8分,薄荷,2分
知母,3钱,川贝,3钱,天冬,3钱,麦冬,3钱,款花,3钱,天花粉,2钱,薏苡仁,2钱,五味子,2钱,甘草,1钱,兜铃,1钱,紫菀,1钱,百合,1钱,桔梗,1钱,阿胶,1分,当归,1分,地黄,1分,紫苏,0.5分,薄荷,0.5分
槐角,3钱,当归,3钱,生地,3钱,黄芩,3钱,黄柏,3钱,侧柏叶,3钱,枳壳,2钱,地榆,2钱,荆芥,2钱,防风,2钱,黄连,1钱,川芎,1钱,干姜,1钱,乌梅,3枚
川芎,1钱,当归,2钱,生地,2钱,白芍,2钱,麦冬,1钱,天冬,1钱5分,川贝,5分,茯苓,5分,桔梗,8分,五味子,10粒,地骨皮,1钱,甘草,4分
芒消,None,青黛,None,石膏,None,寒水石,None,朴消,None,火硝,None,甘草,None,马牙消,None
鳖甲全个,None,党参,2两,玄参,2两,黄芪,2两,紫菀,2两,天冬,2两,麦冬,2两,熟地,2两,生地,2两,地骨皮,2两,山药,2两,川贝,2两,知母,2两,百合,2两,柏子仁,1两,黄柏,1两,白芍,1两,橘红,1两,丹皮,1两,桔梗,1两,赤苓,1两,杏仁,1两,香附,1两,当归,1两,五味子,1两,秦艽,1两,天花粉,1两,黄芩,1两,黑山栀,1两,枸杞子,1两,柴胡,5钱,郁金,5钱,白术,5钱,川芎,5钱,蒲黄,5钱,桑白皮,5钱,黄连,5钱,半夏,5钱,胆南星,5钱,甘草,5钱,苏子,3钱,薄荷,2钱,牡蛎,8钱,乌梅,7个
桑白皮,60克,熟地,60克,人参,30克,紫菀,30克,黄芪,30克,五味子,30克
柴胡,2分,升麻,3分,黄芪,8分,当归身,2钱,甘草,4钱,红花,None
酒生地,12g,麦冬,9g,当归,9g,白芍,6g,酸枣仁,6g,远志,3g,甘草,3g
大黑豆,3升,何首乌,4两,茯苓,3两,大青盐,8钱,甘草,1两
黄柏,None,酒拌,3两,知母,None,酒拌炒,3两,败龟版,3两,锁阳,2两,枸杞子,2两,熟地,None,干姜,3钱
黄柏,250克,知母,90克,熟地,90克,龟板,120克,白芍,60克,陈皮,60克,牛膝,60克,锁阳,45克,当归,45克,虎骨,30克
败龟版,None,黄柏,None,知母,None,侧柏叶,None,枸杞子,None,五味子,None,杜仲,None,砂仁,None,甘草,None
黄芪,1钱半,人参,1钱,甘草,1钱,当归身,0.5钱,柴胡,0.5钱,陈皮,0.5钱,白术,0.5钱,升麻,3分,葛根,0.5钱
石膏,4两,大青盐,1两,黄柏,2两,花椒,None,去目,3钱,杜仲,2两
柴胡,4.5克,川芎,4.5克,白芍青皮,4.5克,枳壳,4.5克,甘草,None,香附,None,当归,None,龙胆草,None,木香,None,砂仁,None
银柴胡,None,栀子,None,连翘,None,生地,None,胡连,None,赤芍,None,龙胆草,None,青皮,None,甘草,None
柴胡,5钱,黄芩,1两半,人参,1钱,生地,5钱,当归,1两,赤芍,1两,连翘,3两,甘草,5钱,栀子,1两半
川芎,3克,当归,3克,白芍,3克,生地,3克,柴胡,3克,黄芩,3克,栀子,3克,天花粉,3克,防风,3克,牛蒡子,3克,连翘,3克,甘草节,3克
柴胡,9克,青蒿,9克,秦艽,9克,白芍,9克,丹皮,9克,地骨皮,9克,鳖甲,9克,知母,9克,黄芩,6克,甘草,3克,童便,None,胡连,3克
柴胡,10～20g,夏枯草,10g,紫花地丁,10g,黄芩,5～10g,白芍,5～10g,芒消,5～10g,野菊花,5g,郁金,3～5g,大黄,3～5g,半夏,3～5g,甘草,3～5g
生地,12克,丹皮,10克,青皮,6克,石膏,12克,荆芥,10克,防风,6克,甘草,6克
牛黄,15克,琥珀,3克,朱砂,3克,雄黄,3克,胆南星,30克,礞石,15克,沉香,4.5克,犀角,4.5克,黄芩,60克,大黄,60克,天麻,15克,石菖蒲,30克,僵蚕,21克,蝉蜕,15克,猪心,2具
人中白,5钱,细柏末,3钱,玄明粉,3钱,白硼砂,3钱,西瓜霜,8钱,明石膏,6钱,年取出,None,用黄连,2钱,煎汤飞,None,腰雄精,3钱,大梅片,1钱,上青黛,6钱,熊胆,2钱
生熟川军,5钱,芦荟,5钱,青黛,5钱,柴胡,5钱,龙胆草,1两,黄芩,1两,栀子,1两,当归,1两,青皮,1两,青木香,2钱,杜胆星,2钱,麝香,5分
人参,3克,黄连,3克,当归身,9克,白芍,9克,川芎,4.5克,木香,3克,白豆蔻,3克
当归,1钱2分,白芍,1钱2分,生地,3钱,川芎,8分,秦艽,1钱,黄芩,1钱,丹皮,1钱5分,焦栀,1钱,续断,1钱5分,薄荷,8分,甘草,5分,茯苓,1钱2分
熟地,120g,知母,80g,黄柏,80g,龟板,120g,猪脊髓,160g
生玳瑁,1钱,生山栀,3钱,细木通,1钱,竹沥,2瓢,广郁金,2钱,青连翘,2钱,丹皮,2钱,生姜汁,2滴,鲜石菖蒲计,None,小匙,None,紫金片,3分
丹参,4.5克,当归,4.5克,白术,4.5克,天冬,4.5克,麦冬,4.5克,川贝,0.6克,陈皮,0.6克,知母,0.6克,甘草,0.6克,石菖蒲,3克,黄连,1.5克,五味子,9粒
当归,9克,生地,15克,玄参,12克,黄连,6克,黄芩,9克,黄柏,6克,黄芪,15克,浙贝,9克,牡蛎,30克,酸枣仁,15克,浮小麦,30克
当归,100g,龙胆草,100g,芦荟,50g,青黛,50g,栀子,100g,黄连,100g,黄芩,100g,黄柏,100g,大黄,50g,木香,25g,麝香,5g
生地,None,栀子,None,川木通,None,甘草,None,灯心草,None,淡竹根,None
连翘,120g,黄连,60g,栀子,120g,关木通,60g,玄参,120g,天花粉,120g,赤芍,60g,大黄,60g,黄芩,120g,滑石,120g
地肤草,9克,大黄,9克,知母,6克,黄芩,6克,茯苓,6克,白芍,6克,枳实,6克,升麻,6克,通草,6克,甘草,6克
鲜地黄,10斤,当归身,1斤,白芍,0.5斤,枸杞子,0.5斤,天冬,6两,麦冬,6两,川芎,2两,丹皮,2两,莲子,4两,知母,3两,地骨皮,3两,人参,1两,甘草,1两
鲜地黄汁,5升,当归,500克,白芍,250克,枸杞子,250克,天冬,180克,川芎,60克,麦冬,180克,莲子,120克,丹皮,60克,知母,90克,地骨皮,90克,人参,30克,甘草,30克
鲜地黄,None,以,10斤,为则,None,当归身,1斤,白芍,0.5斤,枸杞子,0.5斤,天冬,6两,川芎,2两,麦冬,6两,莲子,4两,丹皮,2两,知母,3两,地骨皮,3两,人参,1两,甘草,1两
生地,1升,白藕,1升,牛乳,1升
甘草,3克,半夏,9克,麦冬,9克,白芍,9克,玄参,9克,牡蛎,9克,五味子,3克
人参,3两,茯苓,3两,远志,2两,石菖蒲,2两,海蛤粉,3两,黄柏,3两,樗白皮,2两,青黛,2两
麦冬,24克,黄连,3克,苇根汁,100毫升,玄参,12克,黄柏,3克,银花露,100毫升,细生地,12克,黄芩,3克,生甘草,9克
麝香,None,珍珠,None,熊胆,None,冰片,None,琥珀,None,炉甘石,None,硼砂,None,青葙子,None,谷精草,None,桑叶,None,菊花,None,密蒙花,None,草决明,None,蔓荆子,None,苍耳子,None,蚕砂,None,蒺藜,None,薄荷,None,大黄,None,黄芩,None,黄连,None,黄柏,None,龙胆草,None,栀子,None,知母,None,车前子,None,生地,None,赤芍,None,当归,None,丹皮,None,荆芥,None,防风,None,青蒿,None,石菖蒲,None,茯苓,None,金银花,None,连翘,None,甘草,None,玄参,None,枳壳,None,苦丁茶,None,枸杞子,None,木贼,None,望月砂,None
猪胆膏,None,枯矾,None,黄连粉,None,樟脑,None
麦冬,2两,天冬,2两,地骨皮,2两,丹皮,2两
天冬,500克,麦冬,500克
生地,6～9克,麦冬,6～9克,酸枣仁,6克,生甘草,3克,玄参,4.5克,黄连,3～6克,茯苓,4.5克,川木通,4.5克
怀地黄,None,酒浸,None,九蒸九晒,3两,白术,3两,败龟版,None,酥炙脆,3两,黄柏,None,酒浸,None,春秋一日半,None,夏一日,None,知母,2两,当归,2两,生地,None,酒浸软,None,竹刀切,2两,山萸肉,6两,水润,2两,白芍,None,茯苓,1两,人参,1两,绵黄耆,1两,山药,1两,陈皮,1两,五味子,1两,枸杞子,1两,破故子,1两,菟丝子,None,蒸熟,None,杵,1两,杜仲,None,牛膝,1两,苁蓉,None,酒浸一宿,None,酥炙黄,1两,虎胫骨,1两
栀子,3钱,白芍,1两,当归,5钱,甘菊花,5钱,女贞子,5钱,地骨皮,3钱,丹皮,3钱,青黛,3钱,石斛,3钱
陈皮,None,净米泔水洗,None,略去白,None,锉片晒干,1斤,先用枳壳,4两,去瓤净,None,煎浓汁,2碗,拌橘皮,None,浸透,None,次日蒸透晒干,None,用甘草,3两,照前煎汤,None,浸蒸晒干,None,用款冬花,None,去芦梗净,4两,用水照前煎浸蒸晒,None,用桔梗,None,去芦净,4两,用水照上浸,None,浓汁煎,2碗,去滓,None,加白硼砂,4钱,玄明粉,4钱,大青盐,4钱,入汁化开,None,照前拌酒,None,蒸透晒干,None,用竹沥浸拌,None,照前蒸晒,None,用梨汁浸拌,None,照前蒸晒,None,用姜汁,None,萝卜汁浸拌,None,沉香,3钱,檀香,3钱,山楂米,1两,百药煎,1钱,细茶,1两,乌梅,1两,白硼砂,5钱,五味子,5钱,人参,1两,天花粉,1两,薄荷,1两,半夏,1两
陈皮,3两,白术,3两,茯苓,3两,甘草,3两,半夏曲,3两,川贝,3两,枳壳,3两,神曲,3两,桔梗,3两,黄芩,3两,玄明粉,1两,香附,1两
陈皮,90克,白术,90克,茯苓,90克,甘草,90克,半夏曲,90克,川贝,90克,枳壳,90克,神曲,90克,桔梗,90克,黄芩,90克,玄明粉,30克,香附,30克
防风,0.5两,川芎,0.5两,当归,0.5两,白芍,0.5两,大黄,0.5两,薄荷,0.5两,麻黄,0.5两,连翘,0.5两,芒消,0.5两,石膏,1两,黄芩,1两,桔梗,1两,滑石,3两,甘草,2两,荆芥,1分,白术,1分,栀子,1分
南沙参,12克,北沙参,12克,天冬,9克,麦冬,9克,百合,15克,生地,15克,金银花,15克,黄芩,9克,白茅根,30克,白花蛇舌草,30克,鱼腥草,30克,铁树叶,30克,薏苡仁,5克,陈皮,9克
黄柏,90克,砂仁,45克,甘草,60克
黄柏,3两,甘草,7钱,砂仁,1两,苁蓉,5钱,莲须,5钱,芡实,5钱
荆芥,1钱,薄荷,1钱,玄参,1钱,防风,1钱,白芷,1钱,蕤仁,1钱,白芍,1钱,栀子,1钱,葛根,1钱,连翘,1钱,当归,1钱,黄芩,1钱,柴胡,1钱,升麻,1钱,车前子,1钱,生地,1钱,木贼,1钱,细辛,1钱,枸杞子,1钱,桑白皮,1钱,夏枯草,1钱,黄连,1钱,菊花,1钱,石决明,1钱,蒺藜,1钱,白术,1钱,香附米,1钱,黄柏,1钱
桑叶,5钱,紫菀,2钱,犀角屑,5分,生甘草,2钱,款冬花,1钱,百合,3钱,杏仁,7粒,阿胶,3钱,川贝,3钱,金银花,1两,熟地,1两,人参,3钱
紫草,30克,巴戟天,18克,白芍,18克,淫羊藿,15克,麦冬,15克,五味子,15克,当归,10克,知母,10克,竹叶,10克
生地,15克,丹皮,10克,黄芩,10克,赤芍,10克,柴胡,6克,泽泻,10克,青蒿,10克,连翘,10克,川楝子,10克,半夏,6克,车前子,20克,金银花,15克,生栀子,10克,败酱草,12克,重楼,10克,广角粉,3克
葛根,6克,石膏,15克,天花粉,9克,石斛,9克,连翘,4.5克,薄荷,3克,防风,3克,桔梗,3克,淡竹叶,20张,白茅根,15克
熟地,3两,生苄,None,酒浸,3两,山药,3两,茯神,3两,山茱萸肉,1两,枸杞子,1两,龟板,1两,牛膝,1两,鹿茸,1两,当归,1两5钱,泽泻,1两5钱,黄柏,1两5钱,朱砂,1两,黄连,1两,生甘草,0.5两,丹皮,1两
天冬,None,酒浸,None,麦冬,3两,生地,None,熟地,None,用瓷器蒸,3两,人参,1两5钱,茯苓,1两5钱,干山药,1两5钱,枸杞子,1两5钱,川牛膝,1两,石斛,1两,草决明,1两,杏仁,1两,甘菊花,1两,菟丝子,None,另研,1两,枳壳,1两,羚羊粉,1两,取净末,8钱,乌犀角,8钱,五味子,7钱,甘草,7钱,防风,8钱,蒺藜,7钱,黄连,7钱,川芎,7钱,青葙子,8钱
何首乌,None,牛膝拌蒸,None,旱莲草,4两,槐角,4两,怀生地黄,None,砂锅内蒸,None,骨碎补,None,大青盐,2两,没食子,2两
当归,3两,丹皮,2两,柴胡,2两,酒芍,2两,生地,2两,黄芩,2两,知母,2两,麦冬,2两,地骨皮,2两,川芎,2两,川贝,2两,黄连,2两,川羌,1两,防风,1两,连翘,1两,薄荷,1两,蔓荆子,1两,紫苏,1两,独活,1两,藁本,1两,细辛,1两,丹参,1两,党参,1两,黄芪,1两,熟地,1两,玄参,1两,白术,1两,天冬,1两,赤芍,1两,白薇,1两,苍术,1两,山萸肉,1两,山药,1两,枳壳,1两,桔梗,1两,麦芽,1两,郁金,1两,贯众,1两,青皮,1两,陈皮,1两,半夏,1两,胆南星,1两,白芷,1两,升麻,1两,葛根,1两,黄柏,1两,黑山栀,1两,生甘草,1两,熟牛膝,1两,杜仲,1两,续断,1两,桑白皮,1两,椿白皮,1两,樗白皮,1两,秦皮,1两,醋炒延胡,1两,醋炒蒲黄,1两,醋炒香附,1两,黑荆穗,1两,黑灵脂,1两,地榆,1两,瓜蒌皮,1两,五味子,1两,五倍子,1两,诃子,1两,海螵蛸,1两,龙骨,1两,煅左顾牡蛎,1两,穿山甲,1两,炒黑蚕砂,1两,龟板,2两,鳖甲,2两,炮姜炭,5钱,干姜,2两,葱白,4两,大蒜,4两,韭白,4两,紫花地丁,8两,益母草,8两,槐枝,8两,柳枝,8两,桑枝,8两,白茅根,2两,干荷叶,2两,侧柏叶,2两,霜桑叶,2两,薄荷,2两,凤仙草半株,None,苍耳草,1两,艾叶,1两,乌梅,1两
山萸肉,4两,莲须,2两5钱,茯神,2两,山药,2两,黄柏,1两5钱,远志,1两,五味子,1两
桂花,1两,儿茶,5钱,诃子,7个,甘草,5分
大黄,250克,片黄芩,250克,沉香,15克,礞石,30克,焰消,30克,入小砂罐内,None,及稍盖之,None,铁线练定,None,盐泥固济,None,火煅红,None,一方加朱砂,60克,研为细末为衣,None
拣人参,1两半,天冬,3两,麦冬,3两,生地,3两,熟地,1两,当归,1两,川芎,7钱,茯苓,1两,山药,1两,菟丝子,1两,枸杞子,1两半,肉苁蓉,1两半,川牛膝,1两半,杜仲,1两半,石斛,1两半,五味子,7钱,黄连,7钱,川黄柏,1两,知母,2两,杏仁,1两半,枳壳,1两,防风,8钱,菊花,1两,青葙子,1两,草决明,1两,蒺藜,1两,羚羊粉,1两,乌犀角,8钱,甘草,7钱
生地,None,黄芩,None,黄连,None,栀子,None,石膏,None,天花粉,None,杏仁,None,苏子,None,生甘草,None
杭川芎,27克,锦庄黄,27克,实黄芩,27克,厚川柏,27克,黑牵牛,18克,取头,18克,薄荷,13.5克,粉滑石,18克,尖槟榔,23克,陈枳壳,13.5克,净连翘,18克,京赤芍,18克
虎睛,1对,犀角屑,1两,远志,1两,栀子仁,1两,大黄,1两
人参,None,当归,None,黄芪,None,白术,None,茯苓,None,熟地,None,山药,None,杜仲,None,牛膝,None,破故子,None,虎胫骨,None,知母,None,龟板,None
黄柏,250克,龟板,120克,知母,60克,熟地,60克,陈皮,60克,白芍,60克,锁阳,45克,虎骨,30克,干姜,15克
苦地丁,1两,麦冬,1两,玄参,1两,夏枯草,1两,甘草,3钱
升麻,1钱,葛根,5分,漏芦,None,丹皮,3钱,当归,3钱,生熟地黄,3钱,连翘,1钱,黄芪,1钱,白芍,3钱,肉桂,3钱,柴胡,8钱,黍粘,1钱,川羌,1钱,防风,5分,独活,5分,昆布,None,三棱,None,白术,None,人参,None,黄连,None,陈皮,None
天冬,1两,黄芩,1两,海粉,1两,橘红,1两,桔梗,5钱,连翘,5钱,香附,5钱,青黛,3钱,芒消,3钱,瓜蒌仁,1两
槐角,3钱,地榆,2钱,黄连,1钱,黄芩,3钱,黄柏,3钱,生地,3钱,当归,3钱,川芎,1钱,防风,2钱,荆芥,2钱,侧柏,2钱,枳壳,2钱,乌梅,3枚,干姜,1钱
黄连,12克,黄芩,6克,白芍,6克,鸡子黄,2枚,阿胶,9克
黄连,9克,当归尾,15克,生地,30克,黄柏,9克,姜黄,9克
黄连,3钱,当归尾,5钱,生地,1两,黄柏,2钱,姜黄,3钱
黄连,9克,黄柏,6克,黄芩,6克,栀子,14枚
黄连,2两7钱,黄芩,11两,大黄,11两,赤芍,11两,生栀子,3两4钱,川芎,3两4钱,当归,3两4钱,连翘,3两4钱,菊花,3两4钱,天花粉,3两4钱,甘草,1两8钱,黄柏,4两4钱,玄参,3两4钱,桔梗,3两4钱,芥穗,3两4钱,薄荷,3两4钱,金银花,4两3钱,石膏,4两3钱
黄连,5两,薄荷,5两,川羌,3两,当归,8两,大黄,10两,荆芥,4两,木贼,3两,桔梗,4两,菊花,5两,生地,5两,黄柏,5两,防,5两,黄芩,5两,栀子,5两,连翘,5两,白芷,3两,蔓荆子,3两,川芎,3两,甘草,2两
黄连,240克,黄芩,240克,黄柏,240克,山桅,240克,大黄,360克,连翘,180克,姜黄,180克,玄参,120克,薄荷,120克,当归,120克,菊花,120克,葛根,60克,川芎,60克,桔梗,60克,天花粉,60克
黄连,3克,栀子,3克,荆芥,3克,黄芩,3克,连翘,3克,川木通,3克,薄荷,3克,牛子,3克,甘草,1.5克
黄连,15克,生地,15克,知母,15克,黄芩,60克,甘草,15克
黄连,20g,胡连,40g,黄芩,40g,黄柏,20g,龙胆草,20g,柴胡,40g,青皮,40g,木贼,40g,密蒙花,40g,小胡麻,40g,草决明,40g,石决明,40g,夜明砂,40g,鲜羊肝,160g
麻黄,None,前胡,None,防风,None,葛根,None,陈皮,None,杏仁,None,牛蒡子,None,黄芩,None,知母,None,石膏,None
黄芪,1钱,人参,1钱,砂仁,2钱,白茯神,2钱半,益智仁,6钱,莪术,3钱,山药,2钱半,远志,1钱半,桔梗,1钱,香附,1两,甘松,8钱半,牛黄,1分,麝香,3厘,金箔,10片,滑石,6两,去水,None,樟丹,None,煮水干为度,None,滑石用青色者佳,None,朱砂,1两,水煮半日,None,甘草,1两,木香,1钱,茯苓,2钱半
鸡苏薄荷,3两,苏叶,5钱,白葛粉,1两,乌梅,2两5钱,檀香,2钱,硼砂,5钱,柿霜,4两,白冰糖,8两
蒺藜,10克,沙苑子,10克,生地,10克,熟地,10克,麦冬,10克,党参,10克,五味子,10克,绿豆衣,12克,玄参,12克,黄芪,30克,山药,30克,石斛,15克,天花粉,15克
大黄,9克,黄连,9克,黄芩,9克,甘草,9克,桔梗,9克,柴胡,3克,升麻,3克,连翘,3克,当归身,3克
杜仲炭,20两,熟地,20两,小茴香,20两,天冬,20两,知母,20两,茯苓,20两,菊花,20两,九菖蒲,20两,菟丝子,20两,麦冬,20两,当归,20两,栀子,20两,生地,20两,远志,20两,苁蓉,20两,人参,20两,巴戟天,20两,龙骨,20两,五味子,20两,山萸肉,20两,山药,30两,枸杞子,20两,牛膝,30两,陈皮,10两,盐黄柏,40两
净钩藤,1钱,丹皮,2钱,当归,2钱,川芎,1钱,生地,3钱,续断,2钱,人参,1钱,茯苓,1钱,生甘草,5分,白芍,1钱,桑寄生,3钱
当归,1两,龙胆草,1两,栀子仁,1两,黄芩,1两,青皮,1两,大黄,5钱,芦荟,5钱,柴胡,5钱,木香,2钱半,牛胆南星,3钱,麝香,5分
天南星,3克,半夏,3克,陈皮,3克,茯苓,3克,瓜蒌,3克,枳实,3克,桔梗,3克,山栀子,3克,黄芩,3克,黄连,3克,甘草,1.5克,木香,1.5克,朱砂,1.5克
熟地,180克,山萸肉,120克,山药,120克,鱼鳔,120克,芡实,60克,丹皮,60克,茯苓,60克,莲须,30克,龙骨,9克
生干地黄,None,川木通,45克,黄连,22克,黄芩,7.5克,赤苓,15克
当归,1两,龙胆草,1两,栀子仁,1两,黄芩,1两,大黄,5钱,芦荟,5钱,青黛,5钱,木香,2钱半,柴胡,5钱,青皮,1两,胆南星,3钱,麝香,5分
玄参,None,连翘,None,生地,None,黄柏,None,麦冬,None,川木通,None,茯苓,None,天花粉,None,陈皮,None,桔梗,None,甘草,None
当归,None,川芎,None,白芍,None,生地,None,麦冬,None,紫草茸,None,防风,None,白芷,None,连翘,None,桔梗,None,甘草,None,牛蒡子,None,黄芪,None
当归,None,白芍,None,川芎,None,生地,None,黄柏,None,黄芩,None,熟地,None
大黄,None,天冬,None,杏仁,None,百合,None,桑白皮,None,川木通,None,葶苈子,None
黄连,3g,栀子,6g,黄芩,9g,大黄,6g,桔梗,6g,知母,9g,玄参,6g,赤芍,9g,当归,6g,荆芥,1.5g
桑白皮,9克,桔梗,6克,地骨皮,4.5克,甘草,4.5克,知母,2.1克,麦冬,1.5克,黄芩,1.5克,五味子,20个
知母,150克,陈皮,150克,桑白皮,30克,桔梗,15克,地骨皮,15克,青皮,9克,甘草,9克,黄芩,9克
生地,6克,白芍,6克,麦冬,6克,熟地,9～15克,甘草,3克,知母,3克,地骨皮,3克
柴胡,None,黄芩,None,陈皮,None,甘草,None,栀子,None,丹皮,None
黄连,120克,用童便,2升,浸一宿,9克,去滓用汁,9克,淬炉甘石汁尽,9克,方炉甘石,360克,好黄丹,180克,乌鱼骨,9克,乳香,9克,当归,9克,白丁香,1.5克,麝香,None,轻粉,None,硇砂,3克,水调盏内,None,放汤瓶中,None
薄荷,4钱,生地,7钱,川木通,7钱,玄参,7钱,车前子,7钱,连翘,7钱,淡竹叶,7钱,黄连,3钱
半夏,1钱3分,茯苓,1钱,黄连,1钱,青竹茹,1钱,生地,1钱半,当归,8分,陈皮,8分,桔梗,5分,甘草,2分
大黄,None,黄连,None,黄芩,None,黄柏,None,栀子,None,赤芍,None,连翘,None,枳壳,None,防风,None,甘草,None
川黄柏,8两,酒浸,2两,盐水浸,2两,人乳浸,2两,蜜水浸,None,知母,8两,当归,4两,川芎,4两,白芍,4两,熟地,8两,打碎,None,砂仁,2两,味同入绢袋中,None,好酒,None,瓶煮干,None,去茯苓,None,砂仁,None
天冬,6克,人参,6克,茯苓,6克,女贞子,6克,丹皮,6克,杜仲,6克,生地,15克,龟板,24克,旱莲草,3克,黄柏,3克,泽泻,4.5克,牛膝,4.5克,大枣,5枚
当归,1钱,川芎,1钱,白芍,1钱,熟地,1钱,桔梗,1钱,黄柏,1钱
当归,1钱,川芎,1钱,黄柏,1钱,知母,1钱,天花粉,1钱,熟地,1钱2分,白芍,1钱2分,桔梗,3钱,甘草,3钱
当归,None,生地,None,赤芍,None,川芎,None,茵陈蒿,None,栀子,None,川木通,None,车前子,None,牛子,None,连翘,None,知母,None,滑石,None,甘草,None
竹茹,9克,半夏,9克,陈皮,9克,茯苓,9克,甘草,9克,枳实,4.5克,葛根,25克,丹参,25克,钩藤,15克,生磁石,15克
黄连,6克,川芎,6克,黄芩,10克,黄柏,10克,栀子,10克,当归,10克,苍术,10克,僵蚕,10克,蒺藜,10克,生地,15克,黄芪,15克,山药,15克,玄参,15克,荷叶,15克,白芍,20克
川羌,30克,防风,30克,桑螵蛸,30克,栀子,30克,薄荷,30克,当归,30克,赤芍,30克,甘草,30克,麻黄,30克,连翘,30克,菊花,30克,木贼,30克,蒺藜,30克,川芎,30克,大黄,30克,黄芩,30克,荆芥,30克
鲜生地,60克,旱莲草,24克,板蓝根,24克,黄甘菊,9克,川贝,9克,大青叶,9克,枸杞子,12克,石斛,12克,琥珀末,6克
鲜生地,60g,旱莲草,24g,女贞子,24g,红藤,24g,蒲公英,24g,板蓝根,24g,黄甘菊,9g,川贝,9g,大青叶,9g,枸杞子,12g,石斛,12g,琥珀末,6g
知母,3钱,黄柏,5分,山萸肉,1钱,山药,3钱,浙苓,3钱,丹皮钱半,None,泽泻钱半,None,犀角汁,1杯,童便,1杯
天南星,4两,大半夏,4两,味先用米泔水浸,None,以透为度,None,洗净切片,None,以碗,1个,盛贮晒干,None,先姜汁,None,次皂汁,None,又次矾汁,None,又次消水,None,青皮,1两,陈皮,1两,枳壳,1两,枳实,1两,白术,1两,茯苓,1两,苏子,1两,白芥子,1两,莱菔子,1两,香附,1两,瓜蒌仁,1两,葛根,1两,桔梗,1两,杏仁,1两,黄芩,1两,神曲,1两,麦芽,1两,山楂,1两,白豆蔻,1两,前胡,1两,甘草,1两
天冬,None,生地,None,当归,None,白芍,None,黄柏,None,知母,None
石膏,5钱,人参,3钱,白术,1两,厚朴,2钱,天南星,3钱,半夏,3钱,陈皮,1钱,麦冬,1两
玄参,None,麦冬,None,蝉蜕,None,诃子,None,桔梗,None,板蓝根,None,胖大海,None,地黄,None,藏青果,None,甘草,None,薄荷素油,None,薄荷脑,None
茯神,4两,香附,1斤,甘草,None
苍术,1斤,分作,4份,米泔浸炒,1份,盐水浸炒,1份,川椒炒,1份,黄柏皮,1斤,分作,4份,酒炒,1份,童尿浸炒,1份,小茴香炒,1份
黄连,6克,肉桂,6克,玄参,10克
葛根,3钱,白术,3钱,人参,3钱,石膏,3钱,麦冬,3两,茯苓,5钱,半夏,1钱
玄参,3克,桔梗,3克,知母,3克,大青叶,3克,升麻,3克,石膏,3克,栀子,3克,人中黄,3克,麦冬,3克,川木通,3克
蕲蛇,4两,蝉蜕,1两,全蝎,5钱,黄连,1两2钱,大枫,2两,苦参,2两,大黄,2两,川木通,1两5钱,防风,1两6钱,荆芥,1两,川羌,1两5钱,独活,1两,豨莶草,1两5钱,大胡麻,2两,苍术,2两,金银花,2两,何首乌,2两,土茯苓,3两,栀子,2两,薄荷,2两,黄芩,1两,甘草,1两,玄参,2两,黄柏,2两,连翘,1两5钱,厚朴,1两5钱,朴消,1两,桔梗,2两,薏苡仁,4两
金银花,15g,柴胡,6g,当归,6g,酒黄芩,9g,秦皮,3g,赤芍,9g,车前子,9g,防风,1.5g
大黄,3克,黄连,9克,黄芩,9克,黄柏,6克,栀子,9克,赤芍,6克,枳壳,3克,连翘,9克,防风,9克,甘草,3克
石决明,3克,僵蚕,3克,穿山甲,3克,防风,3克,连翘,3克,川羌,3克,乳香,3克,甘草,3克,金银花,3克,黄连,3克,当归,3克,大黄,9克,天花粉,120克,投水一碗,None,搅匀,None
柴胡,9g,龙胆草,3g,酒黄芩,9g,金银花,30g,黄连,6g,生地,9g,玄参,9g,赤芍,9g,丹皮,9g
黄连,5分,天花粉,2钱,黄芩,1钱,麦冬,1两,茯苓,5钱,桔梗,1钱,甘草,3分,陈皮,3分,神曲,5分
合欢花,6克,郁金,6克,沉香,1.5克,当归,6克,白芍,3克,丹参,6克,柏子仁,6克,栀子,4.5克,柴胡,3克,薄荷,3克,茯神,6克,大枣,5枚,橘饼,12克
柴胡,6g,酒黄芩,9g,香附,9g,青皮,3g,金银花,12g,青黛,0.6g,赤芍,9g,丹皮,9g
柴胡,None,黄连,None,黄芩,None,黄芪,None,地骨皮,None,生地,None,热地,None,白芍,None
百合,None,天冬,None,杏仁,None,桑白皮,None,石膏,None,大黄,None,葶苈子,None,川木通,None,枳壳,None
吴茱萸,1两,陈皮,1两,苍术,1两,黄连,1两,黄芩,1两,桔梗,1两,茯苓,1两,半夏,1两
紫花地丁,30克,金银花,30克,白果,20个,桔梗,9克,生甘草,9克,知母,3克
白芍,30克,栀子,9克,甘草,3克,柴胡,6克,贯众,6克,乳香,3克,没药,3克,苍术,9克
茯苓,None,陈皮,None,半夏,None,甘草,None,桔梗,None,枳壳,None,黑山栀,None,黄芩,None,黄连,None
甘菊花,6克,当归,3克,生地,3克,白芍,3克,川芎,3克,知母,3克,川贝,3克,地骨皮,3克,麦冬,3克,柴胡,1.5克,黄芩,1.5克,升麻,1.5克,犀角,1.5克,甘草,1.5克
白术,3两,枳实,1两,陈皮,1两,黄连,1两
熟地,60克,姜汁浸,120克,生地,60克,天冬,60克,麦冬,60克,山萸肉,60克,山药,60克,枸杞子,60克,肉苁蓉,60克,黄柏,60克,知母,60克,当归,60克,白芍,60克,茯苓,45克,丹皮,45克,泽泻,30克,五味子,30克,拣参,30克,远志,30克
龙骨,5钱,远志,1两,白茯神,1两,石菖蒲,5钱,龟板,5钱,酸枣仁,1两,当归身,1两,人参,5钱,麦冬,1两,天冬,1两,生地,2两,熟地,2两,山萸肉,1两,川黄柏,1两,五味子,1两,柏子仁,1两,山药,1两,甘枸杞子,1两,知母,1两
当归,120克,白芍,120克,用好酒浸一日,120克,川芎,120克,小者不用,120克,清水洗净,120克,厚黄柏,240克,酒浸,60克,盐水浸,60克,人乳浸,60克,蜜浸,None,俱晒干,None,知母,240克,四制,None,熟地,240克,用砂仁,120克,用白茯苓同入绢袋,None,入好酒,400毫升,煮干,None,去砂仁,None,茯苓二味,None
知母,None,黄柏,None,菊花,None,熟地,None,白芍,None,川芎,None,枸杞子,None,当归,None
生地,90两,丹皮,25两,山药,90两,山萸肉,14两5钱,茯苓,25两,知母,80两,泽泻,90两,黄柏,80两,杜仲炭,90两
苍术,1斤,用川椒,1份,用破故纸,1份,用五味子,1两,用川芎?,1份,黄柏,4斤,用酥炙,1斤,用人乳汁炙,1斤,用童便炙,1斤,用米泔炙,None
柴胡,3克,乌药,3克,秦艽,3克,甘草,3克,酒蒸大黄,3克,白芍,30克,茯苓,6克,当归,9克,天麻,0.9克,防风,0.9克,天花粉,6克
桑螵蛸,6克,甘草,6克,黄连,6克,干姜,6克,瓜蒌,9克,人参,9克,大枣,50个
天冬,1两,黄芩,1两,海粉,1两,橘红,1两,连翘,0.5两,桔梗,0.5两,香附,0.5两,青黛,1钱,芒消,2钱,瓜蒌仁,1两
黄芩,3克,桔梗,3克,大黄,3克,芒消,3克,车前子,3克,川羌活,3克,玄参,3克,当归,3克,知母,3克,龙胆草,1.5克
剪草,1斤,地锦,2斤,农吉利,1两,黑木耳,1两,白芨,1两,没食子,1两,鲜藕节,2两,鲜枇杷叶,8两,鲜刮淡竹茹,8两,鲜茭白根,8两
黄连末,2钱,生白矾末,1钱
细川连,None,香附,None,桔梗,None,淡条芩,None,上广皮,None,焦枳壳,None,京元参,None,生甘草,None
黄连,6克,乌梅,9克,麦冬,9克,生地,9克,阿胶,6克
连翘,21～24克,当归,9克,甘草,3克,金银花,None,红藤,None
连翘,1钱,升麻,7分,葛根,7分,桔梗,7分,甘草,7分,牛蒡子,1钱,川木通,8分,白芍,5分,薄荷,None
连翘,15克,大黄,90克,牡蛎,30克,甘草,15克,山栀子,15克,独活,15克,黄芪,15克,金银花,15克
白莲须,3克,粉干葛,3克,白云苓,3克,生地,3克,正雅连,1.5克,天花粉,1.5克,人参,1.5克,五味子,1.5克,净知母,1.5克,甘草,1.5克,淡竹叶,1.5克,灯心草,10茎
连翘,None,生栀子,None,黄芩,None,薄荷,None,桔梗,None,甘草,None,石膏,None,竹叶,None
大黄,20两,朴消,20两,甘草,20两,山栀子仁,10两,薄荷,10两,黄芩,10两,连翘,2斤半
草龙胆,9克,防风,9克,青黛,9克,钩藤,6克,黄连,15克,牛黄,0.6克,麝香,0.6克,冰片,3克
犀角,1钱,生地,2钱,知母,1钱5分,丹皮,1钱,荆芥,1钱,黄芩,1钱5分,秦艽,1钱,赤芍,1钱5分,甘草,8分,焦栀,1钱5分,竹叶,10片
大黄,30克,川芎,30克,菊花,30克,牛蒡子,30克,细辛,30克,防风,30克,栀子,30克,蒺藜,30克,黄芩,30克,蔓荆子,30克,荆芥,30克,木贼,30克,甘草,30克,玄参,30克,苍术,60克,草决明,45克
熟地,240克,山萸肉,120克,山药,120克,丹皮,90克,茯苓,90克,泽泻,90克,黄柏,60克,知母,60克
龙胆草,9克,焦栀,9克,柴胡,9克,黄芩,9克,生地,9克,泽泻,12克,当归,12克,川木通,9克,甘草,6克,金银花,50克,连翘,15克,板兰根,15克
黄连,250克,冰片,3克
当归,1两,龙胆草,1两,大栀子,1两,黄连,1两,黄柏,1两,黄芩,1两,大黄,0.5两,芦荟,0.5两,青黛,0.5两,木香,1分,麝香,0.5钱
茯苓,500克,大枣,None,胡桃肉,None,白蜂蜜,3千克,入前三味调匀,None,再用微火熬膏倾入瓷坛内,None,又加南烧酒,10千克,糯米白酒,5千克,绵黄耆,None,人参,None,白术,None,当归,None,川芎,None,白芍,None,生地,None,熟地,None,小茴香,None,覆盆子,None,陈皮,None,沉香,None,木香,None,甘枸杞子,None,肉桂,None,砂仁,None,甘草,None,乳香,None,没药,None,北五味子,None
麦冬,30克,远志,30克,人参,30克,黄芩,30克,生地,30克,茯神,30克,石膏,30克,甘草,15克
麦冬,7升,半夏,1升,人参,2两,甘草,2两,粳米,3合,大枣,12枚
川芎,3克,当归,3克,白芍,3克,生地,3克,黄柏,3克,知母,3克,麦冬,3克,五味子,15粒,桑白皮,2.4克
金礞石,40g,沉香,20g,黄芩,320g,大黄,320g
大黄,60克,礞石,60克,沉香,30克,半夏,60克,陈皮,60克,黄芩,60克
茯苓,2.4克,陈皮,2.4克,瓜蒌,2.4克,黄芩,1.8克,远志,1.8克,酸枣仁,1.8克,半夏,3克,川贝,3克,甘草,1.5克
黄连,24克,石膏,120克,黄芩,75克,薄荷,45克,莲心,60克,白芷,24克,桔梗,24克,菊花,60克,川芎,24克,赤芍,24克,当归,75克,黄柏,15克,芥穗,24克,栀子,75克,大黄,120克,甘草,15克,连翘,75克,朱砂,18克,明雄黄,18克,牛黄,3克,冰片,15克
牛黄,2g,薄荷,30g,菊花,40g,芥穗,16g,白芷,16g,川芎,16g,栀子,50g,黄连,16g,黄柏,10g,黄芩,50g,大黄,80g,连翘,50g,赤芍,16g,当归,50g,地黄,64g,桔梗,16g,甘草,10g,石膏,80g,冰片,10g
香附米,90克,川芎,60克,陈皮,90克,白术,120克,厚朴,30克,枳实,60克,黄连,60克,神曲,60克,麦芽,21克,木香,9克,栀子,30克,莱菔子,30克,半夏,45克,茯苓,30克,砂仁,12克,干姜,30克,山楂,60克,青皮,18克,甘草,12克
皂角,60克,全蝎,60克,大黄,120克,当归,18克,牛黄,3克,朱砂面,330克,净巴豆霜,6克
当归,3克,川芎,3克,白芍,4.2克,熟地,4.2克,黄柏,3克,知母,3克,天花粉,3克,甘草,3克,玄参,9克
大黄,90克,礞石,15克,沉香,6克,黄芩,60克,黄连,60克,栀子,60克,连翘,30克,天南星,60克,半夏,60克,白术,60克,枳实,60克,川贝,45克,天花粉,30克,陈皮,30克,茯苓,30克,神曲,30克,青黛,15克,玄明粉,21克,甘草,15克,白芥子,60克
黄芩,None,黄连,None,栀子,None,郁金,None,龙胆草,None,雄黄,None,地骨皮,None,灯心草,None
炒黄芩,10克,栀子,10克,丹皮,10克,生地,12克,赤芍,10克,侧柏叶,10克,白茅根,30克,水牛角,30克,炒牛膝,6克,生甘草,6克
天冬,None,麦冬,None,生地,None,丹皮,None,赤芍,None,栀子仁,None,黄连,None,山药,None,山萸肉,None,泽泻,None,赤苓,None
陈皮,4.5克,半夏,3克,茯苓,3克,桔梗,3克,枳壳,3克,川贝,3克,前胡,3克,杏仁,4.5克,黄芩,3克,石膏,3克,瓜蒌仁,3克,甘草,0.9克
大黄,600g,绿豆,25g,车前草,25g,白术,25g,黑豆,25g,半夏,25g,香附,25g,桑叶,25g,桃枝,5g,牛乳,50g,厚朴,25g,麦芽,25g,陈皮,25g,侧柏叶,25g
焦黄柏,10克,生地,10克,天冬,10克,茯苓,10克,牡蛎,20克,山药,15克
黑元参,24克,半夏,12克,吴茱萸,6克,陈皮,6克,胆南星,10克,泽泻,10克,防己,10克,石韦,10克,黄连,6克,柴胡,10克,川芎,10克,升麻,10克,藁本,10克,甘草,3克,代赭石,21克
黄连,80g,石膏,80g,桔梗,80g,甘草,40g,知母,80g,玄参,80g,地黄,80g,丹皮,80g,天花粉,80g,连翘,80g,栀子,200g,黄柏,200g,黄芩,200g,赤芍,80g
黄连,80g,石膏,80g,桔梗,80g,甘草,40g,知母,80g,玄参,80g,地黄,80g,丹皮,80g,天花粉,80g,连翘,80g,栀子,200g,黄柏,200g,黄芩,200g,赤芍,80g
生地.丹皮,None,黄连,None,当归,None,升麻,None,石膏,None
石膏,12克,黄芩,3克,生地,3克,丹皮,4.5克,黄连,3克,升麻,3克
石膏,180～240克,小生地,18～30克,乌犀角,18～24克,真川连,12～18克,生栀子,None,桔梗,None,黄芩,None,知母,None,赤芍,None,玄参,None,连翘,None,鲜竹叶,None,甘草,None,丹皮,None
白附,30克,天南星,60克,半夏,60克,黄连,23克,天花粉,30克,僵蚕,15克,去丝,15克,川乌,6克,郁金,23克,天麻,15克,川羌,15克
黄连,30克,茯神,15克,微赤茯苓,15克
黄连,1.5克,蒲黄,4.5克,犀角,1.5克,玄参,4.5克,丹参,6克,连翘,4.5克,瓜蒌,9克,茯苓,6克,薄荷,3克,竹叶,20张,灯心草,None,米,None
麦冬,15克,知母,6克,人中黄,4.5克,细生地,15克,玄参,9克
芒消,3克,大黄,3克,白芍,3克,桔梗,3克,黄芩,6克,防风,6克
大黄,30克,真秋石,30克
麻子仁,30克,桃仁,30克,川羌,15克,当归尾,15克,大黄,15克,皂角仁,15克,秦艽,15克
白芍,30克,当归,30克,柴胡,3克,栀子,6克,玄参,30克,天花粉,9克,石菖蒲,2.4克
天南星,30克,半夏,60克,黄芩,30克,黄连,30克,甘草,30克,橘红,250克,水化拌令得所,None
天南星,30克,半夏,90克,黄芩,30克,黄连,30克,橘红,15克,白矾,90克
黄芩,None,黄柏,None,黄连备,None
天冬,15克,熟地,15克,人参,15克,黄柏,90克,砂仁,45克,甘草,22.5克
夏枯草,10克,龙胆草,3克,益母草,10克,白芍,10克,甘草,6克
石膏,24克,葛根,18克,赤芍,12克,钩藤,12克,苍耳子,12克,柴胡,12克,蔓荆子,12克,黄芩,9克,荆芥,9克,薄荷,9克,甘草,9克,全蝎,6克,蜈蚣,3条
大黄,300g,盐酸小檗碱,5g,黄芩浸膏,21g
黄连,3克,白芍,3克,栀子,3克,枳壳,3克,厚朴,3克,香附,3克,川芎,3克,木香,5克,砂仁,5克,茴香I.,5克,甘草,1克
桑螵蛸,30克,菟丝子,15克,曝干,None,熟干地黄,60克,山萸肉,22克,黄连,30克
牛蒡子,120克,甘草,30克,升麻,30克,射干,30克
射干,15克,甘草,15克,杏仁,15克,尖及双仁,15克,木鳖子,7.5克,川升麻,7.5克,大黄,7.5克
僵蚕,3克,蝉蜕,5个,神曲,9克,金银花,6克,生地,6克,川木通,3克,车前子,3克,黄柏,3克,黄芩,3克,桔梗,3克,黄连,3克
龙胆草,6克,玄参,24克,马兜铃,9克,板蓝根,9克,石膏,15克,白芍,9克,川黄柏,4.5克,生甘草,3克,生地,30克,瓜蒌,9克,生栀子,6克
生蒲黄,25克,旱莲草,30克,丹参,20克,丹皮,15克,生地,15克,郁金,15克,荆芥,10克,栀子,10克,川芎,6克,甘草,6克
石膏,30克,黄连,6克,黄柏,6克,黄芩,6克,淡豆豉,9克,栀子,9克,麻黄,9克
石膏,30克,生地,15克,丹皮,9克,知母,9克,黄芩,9克,金银花,9克
石膏,30克,轻粉,30克,青黛,9克,黄柏末,9克
玄参,60克,生地,30克,金银花,60克,当归,30克,紫花地丁,15克,川贝,15克
牛蒡子,3克,桔梗,3克,当归,3克,甘草,3克,赤芍,3克,连翘,3克,玄参,3克,地骨皮,3克,防风,3克,天花粉,3克,川木通,3克,大黄,6克
防风,15克,荆芥,15克,当归,15克,白芍,15克,连翘,15克,白术,15克,川芎,15克,薄荷,15克,麻黄,15克,栀子,15克,黄芩,30克,石膏,30克,桔梗,30克,甘草,60克,滑石,90克
黄连,None,黄芩,None,当归,None,蕤仁,None
白木槿花,10克,石膏,30克,白豆腐,250克,白砂糖,30克
黄连,30克,吴茱萸,3克,桃仁,24枚,陈皮,15克,半夏,45克
知母,4.5克,石斛,4.5克,川木通,4.5克,石膏,15～20克
海浮石,90克,胆南星,30克,瓜蒌,90克,栀子,90克,青黛,2.4克,香附,60克,川芎,60克,苍术,None,搓去黑皮,None
人参,15克,五味子,15克,当归,15克,天冬,15克,麦冬,15克,柏子仁,15克,酸枣仁,15克,玄参,15克,白茯神,15克,丹参,15克,桔梗,15克,远志,15克,黄连,60克,生地,120克,石菖蒲,30克
细木通,10克,路路通,10克,生地,15克,瓜蒌,5克,丹参,15克,郁金,10克,茯神,10克,甘草,10克
麦冬,4.5克,小胡麻,4.5克,知母,3克,玄参,3克,车前子,3克,石膏,3克,防风,3克,黄芩,2.1克,天冬,2.1克,大黄,2.1克
防风,None,荆芥,None,连翘,None,赤芍,None,当归须,None,黄芩,None,麻黄,None,栀子,None,青木香,None,黄连,None,黄柏,None,石膏,None,滑石,None,大黄,None,朴消,None,牛蒡子,None,川芎,None,桔梗,None,玄参,None,蓝叶,None,甘草,None
槟榔,None,枳实,None,陈皮,None,黄芩,None,大黄,None,黑牵牛,None
黄连,None,大黄,None,白芍,None,犀角,None,甘草,None
犀角汁,10毫升,小川连,2.4克,小枳实,4.5克,鲜地汁,30毫升,生锦纹,9克,真金汁,30毫升
当归,60克,薄荷,60克,川羌,60克,防风,60克,山栀子仁,60克,甘草,60克,大黄,60克,川芎,60克
瓜蒌,18克,小枳实,4.5克,生川军,6克,半夏,9克,小川连,2.4克,风化消,4.5克
陈皮,None,半夏,None,茯苓,None,神曲,None,山植,None,香附米,None,川芎,None,麦芽,None,枳壳,None,栀子,None,黄连,None,苍术,None,藿香,None,甘草,None
神曲,100g,山楂,100g,麦芽,100g,槟榔,100g,莪术,50g,三棱,50g,黑丑,200g,大黄,100g
柴胡,None,黄芩,None,板蓝根,None,葛根,None,金银花,None,水牛角,None,连翘,None,大黄,None
大黄,10克,黄连,5克,黄芩,5克
连翘,9克,薄荷,4.5克,蝉蜕,4.5克,苦丁茶,4.5克,栀皮,4.5克,绿豆衣,4.5克,射干,4.5克,玄参,9克,桔梗,1.5克,杏仁,9克,马勃,3克
当归,3克,人参,3克,川芎,3克,甘草,3克,炒干姜,1.5克,百草霜,3克
白芍,15克,当归,15克,丹皮,15克,栀子,9克,白芥子,6克,柴胡,3克,香附,3克,郁金,3克,黄芩,3克,生甘草,3克
玄参,90克,丹皮,30克,酸枣仁,30克,丹参,15克,柏子仁,9克,莲心,9克
玄参,30克,天冬,30克,麦冬,30克
生地,20克,玄参,20克,石膏,15克,升麻,2克,细辛,2克,槐花,10克,丹皮,9克,地骨皮,10克,黄芩,10克,川芎,6克,白芷,6克,荆芥,9克,防风,3克,甘草,3克
生地,None,阿胶,None,杏仁,None,知母,None,北沙参,None,麦冬,None,桑白皮,None,蜂蜜,None
当归身,1.5克,川芎,1.5克,白芍,1.5克,生地,3克,黄连,3克,陈皮,1.5克,白术,2.1克,茯神,3克,酸枣仁,2.1克,柏子仁,1.5克,甘草,1克
当归,2.1克,川芎,2.1克,白芍,3克,生地,3克,黄连,3克,黄芩,2.4克,栀子,2.4克,酸枣仁,30克,麦冬,30克,远志,2克,朱砂,1.5克,甘草,1克
玉生,15克,山药,15克,生地,15克,丹皮,9克,麦冬,9克,女贞子,15克,何首乌,15克,莲心,9克,栀子,9克,黄芩,9克
黄连,165g,大黄,500g,黄芩,250g
天南星,30克,半夏,30克,皂角,30克,生姜煎汤浸一日夜透,30克,随汤煮干,30克,去矾,30克,皂,30克,川芎,9克,当归,30克,石膏,30克,天麻,21克,僵蚕,1.5克,生地,30克,芥穗,15克,朱砂,15克,独活,15克,乌犀角,15克,茯苓,30克,拣参,30克,远志,15克,麦冬,15克,白术,15克,陈皮,15克,酸枣仁,15克,黄芩,9克,黄连,15克,白附子,9克,珍珠,9克,甘草,9克,金箔,30片
当归,3克,川芎,3克,白芍,3克,熟地,3克,黄芩,3克,陈皮,3克,香附,3克,阿胶,3克,益母草,4.5克,白术,4.5克,玄参,1.2克,蒲黄,1.2克,甘草,1.2克
人参,6克,茯苓,6克,莲须,6克,巴戟天,6克,升麻,6克,益智仁,6克,黄柏,6克,山药,4.5克,泽泻,4.5克,甘草,6克
金银花,None,苦地丁,None,犀角,None,赤苓,None,连翘,None,丹皮,None,黄连,None,夏枯草,None
生地,30克,桑白皮,30克,白茅根,30克,党参,10克
熟地,240克,生地,120克,茯苓,120克,麦冬,120克,山药,120克,地骨皮,120克,北沙参,120克,牛膝,60克,天冬,60克,车前子,60克,玄参,240克
熟地,24克,山萸肉,12克,干山药,12克,泽泻,9克,茯苓,9克,丹皮,9克,知母,24克,黄柏,24克
知母,40g,黄柏,40g,熟地,160g,山萸肉,80g,丹皮,60g,山药,80g,茯苓,60g,泽泻,60g
炒黄柏,6克,炒知母,6克,炒丹皮,6克,熟地,12克,山萸肉,12克,茯苓,12克,山药,30克,冬瓜皮,30克,赤芍,10克,桃仁,10克,柴胡,10克,甘草,6克
栀子,116g,黄连,4.8g,黄芩,192g,黄柏,60g,大黄,116g,金银花,40g,知母,40g,天花粉,60g
栀子仁,3～5克,粳米,50～100克
猪肾,1具,大豆,27克,荠苨,9克,石膏,9克,人参,6克,茯神,6克,磁石,6克,知母,6克,葛根,6克,黄芩,6克,天花粉,6克,甘草,6克
黄芩,200g,半夏,150g,大黄,200g,橘红,200g,甘草,100g,沉香,50g
瓜蒌,12克,生桑皮,9克,川方贝,9克,杏仁,9克,旋覆花,6克,滑石,18克,石决明,24克,天竺黄,4.5克,竹沥,100毫升,姜汁,2滴
白术,60克,苍术,60克,枳实,60克,陈皮,60克,茯苓,60克,半夏,60克,皂角,60克,天南星,60克,黄连,60克,黄芩,60克,当归,60克,山楂,60克,白芥子,60克,白芍,60克,人参,15克,木香,3克
当归,120克,知母,60克,沉香,15克,黄柏,60克,山药,60克,菊花,60克,楮实子,60克,大青盐,30克,菟丝子,120克,杜仲,60克,熟地,240克
川芎,30克,当归身,60克,白芍,60克,人参,60克,怀熟地黄,60克,甘草,30克,白术,60克,茯苓,60克,黄柏,120克,童便浸,60克,知母,60克,甘州枸杞,60克,牛膝,60克,赤白何首乌,120克
熟地,30克,茯苓,12克,山萸肉,15克,菊花,12克,丹皮,12克,何首乌,12克,黄柏,12克
生地,600克,熟地,600克,天冬,360克,枇把叶,500克,石斛,500克,酒黄芩,300克,枳壳,240克,茵陈蒿,180克,玄参,60克,甘草,180克,麦冬,360克
南沙参,15克,北沙参,None,元,None,玄参,15克,丹皮,9克,石斛,12克,山萸肉,9克,枸杞子,9克,锦灯笼,9克,天花粉,15克,黄芪,9克,金莲花,12克,马蔺子,9克
熟地,12克,玄参,12克,黄柏,10克,射干,10克,丹皮,10克,橄榄,10克,牛膝,6克,山慈茹,10克,地骨皮,10克
生地,3克,当归身,3克,白芍,3克,净知母,3克,建莲肉,3克,玄参,3克,大杭冬,3克,正雅连,1.5克,天花粉,1.5克,甘草,1.5克
当归,3克,川芎,3克,白芍,3.6克,川黄柏,3克,生知母,3克,怀熟地黄,4.5克,天花粉,3克,生甘草,3克,玄参,6克,桔梗,9克
白芍,3.9克,当归,3.6克,熟地,3克,麦冬,3克,m,3克,白术,3克,酒生地,2.4克,陈皮,2.1克,知母,1.5克,盐黄柏,1.5克,干姜,3片,大枣,2枚
紫草根,15克,牡蛎粉,15克,当归,15克,赤芍,9克,川芎,6克,金银花,6克,升麻,6克,黄芪,6克,甘草,3克,大黄,None
黄连,180克,吴茱萸,30克
黄连,600g,吴茱萸,100g
连翘,None,黄芩,None,栀子,None,大黄,None,芒硝,None,薄荷,None,竹叶,None,甘草,None,蜂蜜,None
熟地,15.0g,知母,10.0g,枸杞子,15.0g,生地,20.0g,麦冬,15.0g,黄柏,6.0g,天花粉,20.0g,牡蛎,30.0g,金樱子,20.0g,山萸肉,20.0g
黄芩,10.0g,黄连,6.0g,大黄,5.0g,石膏,None,竹叶,9.0g,生地,9.0g,川木通,5.0g,甘草,6.0g
石膏,10.0g,姜参,10.0g,葛根,10.0g,丹皮,10升
丹皮,15.0g,益母草,30.0g,茜草,20.0g,知母,15.0g,黄柏,15.0g,地榆,30.0g,仙鹤草,15.0g,荆芥穗炭,6.0g,贯众炭,10.0g
虎杖,10.0g,大黄,None,郁金,10.0g,金钱草,30.0g,鸡内金,10.0g,青皮,10.0g,陈皮,10.0g,山楂,15.0g,白茅根,15.0g
生地,20.0g,当归,10.0g,黄连,10.0g,丹皮,10升
金银花,15.0g,板蓝根,15.0g,鱼腥草,30.0g,车前子,12.0g,泽泻,12.0g,瞿麦,12.0g,海金砂,9.0g,甘草,6.0g
龙胆草,10.0g,大黄,10.0g,川木通,10.0g,黄芩,15.0g,生栀子,15.0g,丹皮,15.0g,夏枯草,20.0g,金银花,20.0g,白花蛇舌草,60.0g
马鞭草,30.0g,生地,15.0g,赤勺,10.0g,竹叶,10.0g,丹皮,10.0g,川木通,5.0g,生甘草,5.0g
大黄,0.0g,天花粉,0.0g,薄荷,0.0g,乳香,0.0g,没药,0.0g,穿山甲,0.0g
生黄芪,15.0g,生地,15.0g,当归,12.0g,黄芩,9.0g,黑豆衣,9.0g,瘪桃干,9.0g
龙胆草,8.0g,黄柏,10.0g,山栀子,10.0g,川木通,10.0g,当归,10.0g,牛藤,10.0g,柴胡,10.0g,甘草,10.0g,车前草,30.0g,泽泻,15.0g
金银花,15.0g,生甘草,10.0g,青黛,5.0g
生地,30.0g,水牛角,30.0g,天荞麦根,30.0g,虎杖,30.0g,山茱萸肉,15.0g,田三七粉,10.0g,夏枯草,20.0g,益智仁,12.0g,枳壳,12.0g,百合,50.0g,北沙参,100.0g
龙胆草,10.0g,焦山栀子,10.0g,川木通,10.0g,车前子,10.0g,黄芩,12.0g,泽泻,12.0g,生地,12.0g,当归,6.0g,柴胡,6.0g,生甘草,6.0g
淡竹叶,10.0g,知母,10.0g,金银花,10.0g,川木通,3.0g,鲜芦根,30.0g,连翘,8.0g,山栀子,6.0g,丹皮,6.0g
牡蛎,30.0g,夏枯草,30.0g,胡连,3.0g,丹皮,15.0g,生白芍,30.0g,肥知母,10.0g,芸苔子,15.0g,生地,15.0g,香附,15.0g
生蒲黄,9.0g,生地,9.0g,龟板,9.0g,石斛,9.0g,大麦冬,9.0g,玄参,9.0g,炒黄柏,3.0g,肉桂粉,0.6g,黄连,3.0g,生甘草,3.0g
生地,9.0g,石膏,30.0g,知母,10.0g,麦冬,10.0g,玄参,15.0g,生甘草,5.0g,黄连,3.0g,川牛膝,10.0g
当归,9.0g,生地,9.0g,熟地,9.0g,黄连,4.0g,黄芩,9.0g,黄柏,9.0g,黄芪,9.0g
熟地,18.0g,山药,20.0g,茯苓,15.0g,泽泻,15.0g,黄柏,12.0g,菊花,12.0g,丹皮,9.0g,山萸肉,9.0g,枸杞子,9.0g,陈皮,9.0g
人参,15.0g,白术,15.0g,当归,15.0g,川芎,15.0g,甘草,10.0g,茯苓,20.0g,半夏,10.0g,陈皮,10.0g,黄芩,40.0g,栀子,30.0g,生地,15.0g,熟地,15.0g
石膏,30.0g,肥知母,9.0g,麦冬,9.0g,生地,15.0g,怀牛膝,9.0g,生藕节,9.0g,白茅根,15.0g,侧柏叶,9.0g,仙鹤草,9.0g,茜草,9.0g,铁黄,6.0g
女贞子,10.0g,墨旱莲,10.0g,大青叶,10.0g,玄参,6.0g,元胡,6.0g,木蝴蝶,6.0g
黄柏,5.0g,附子,5.0g
玄参,15.0g,生地,15.0g,穿山甲,15.0g,丹参,15.0g,夏枯草,15.0g,渐贝母,15.0g,猫爪草,18.0g,三棱,12.0g,麦冬,12.0g,莪木,12.0g,黄药子,10.0g
黄连,5.0g,竹叶,6.0g,山桅子,6.0g,川木通,6.0g,甘草,3.0g,薄荷,3.0g,连翘,10.0g,板蓝根,15石,玄参,8.0g,菜菔子,8.0g
金银花,0.0g,黄苓,0.0g,连翘,0.0g
丹参,15.0g,紫石英,20.0g,党参,15.0g,生地,15.0g,麦冬,10.0g,川芎,10.0g,甘草,9.0g,连翘,10.0g,桂枝,3.0g
黄连,6.0g,竹叶,6.0g,生地,12.0g,连翘,12.0g,丹皮,10升,当归,10.0g,大黄,10.0g,石膏,30.0g,天花粉,15.0g
代赭石,45.0g,半夏,15.0g,大黄,24.0g,芝硝,12.0g,醋甘遂,3.0g
败酱草,50.0g,白花蛇舌草,30.0g,夏估草,30.0g,金钱草,30.0g,车前草,30.0g,龙胆草,6.0g,大蜈蚣,3.0g,水蛭,12.0g,蛮虫,12.0g,鳖甲,9.0g
桑叶,9.0g,丹皮,9.0g,知母,9.0g,枇杷叶,9.0g,桑白皮,9.0g,黛蛤散,9.0g,钓藤,15.0g,地骨皮,15.0g,黄芩,15.0g,当归,9.0g,蝉蜕,6.0g,生甘草,6.0g
龙胆草,10.0g,黄芩,10.0g,山栀子,10.0g,泽泻,10.0g,车前子,10.0g,甘草,10.0g,柴胡,12.0g,当归,12.0g,生地,15.0g,川木通,6.0g
牡蛎,30.0g,夏枯草,15.0g,渐贝母,15.0g,玄参,15.0g,白芨,15.0g,天冬,15.0g,北沙参,15.0g,百部,10.0g,基草,6.0g
龙胆草,12.0g,黄芩,12.0g,连翘,12.0g,黄连,6.0g,黄柏,6.0g,蝉蜕,6.0g,生地,12.0g,金银花,30.0g,丹参,18.0g,桑叶,10.0g,甘草,9.0g
丹参,60.0g,泽泻,60.0g,黄芩,30.0g,半夏,30.0g,天麻,30.0g
黄连,6.0g,怀牛膝,6.0g,黄芩,10.0g,白芍,10.0g,大黄,None,大蓟,30.0g,白茅根,30.0g,仙鹤草,15.0g
石膏,30.0g,细辛,3.0g,制僵蚕,10.0g,蝉蜕,10.0g,姜黄,10.0g,大黄,12.0g,桑叶,10.0g,菊花,10.0g,丹皮,10.0g,栀子,10.0g
石膏,40.0g,竹叶,15.0g,知母,12.0g,栀子,12升,玄参,10.0g,糯米,20.0g
升麻,10.0g,当归,15.0g,丹皮,15.0g,旱莲草,15.0g,女贞子,15.0g,生地,15.0g,地骨皮,15.0g,山萸肉,153颗,忍冬藤,24.0g,骨碎补,24.0g,露蜂房,24.0g,细辛,3.0g
枇杷叶,10.0g,侧柏叶,12.0g,桑叶,6.0g,人参叶,6.0g,荷叶,6.0g,竹叶,6.0g,大青叶,15.0g
大黄,15.0g,木香,15.0g,芒硝,10.0g,甘遂,0.6g
柴胡,9.0g,龙胆草,9.0g,夏枯草,9.0g,炙鳖甲,24.0g,地骨皮,12.0g,风尾草,24.0g,漏芦,6.0g,僵蚕,12.0g,蝉蜕,12.0g,地龙,12.0g,干姜,2片,板蓝根,15.0g
生山药,24.0g,白芍,18.0g,黄连,4.5g,金银花,15.0g,牛蒡子,6.0g,甘草,6.0g,肉桂,4.5g,鸦胆子,180.0g
生山药,30.0g,生黄芪,24.0g,生地,18.0g,天花粉,18.0g,枸杞子,18.0g,五味子,6.0g
代赭石,30.0g,大黄,15.0g,芒硝,18.0g,半夏,9.0g,郁金,9.0g
麦冬,12.0g,赤苓,10.0g,大腹皮,10.0g,川木通,6.0g,甘草,6.0g,淡竹叶,6.0g
茶子,12.0g,丹参,20.0g,夏枯草,15.0g,钩藤,15.0g,黄芩,9石,决明,30.0g,天麻,6.0g,菊花,9.0g
大黄,30.0g,黄连,30.0g,黄柏,30.0g,细辛,15.0g,地龙,15.0g
雷公藤,25.0g,甘草,5.0g,龙胆草,10.0g,苦参,10.0g,菊花,10.0g,柴胡,10.0g,黄芩,10.0g,丹皮,10.0g,陈皮,10.0g,枸杞子,20.0g,生地,20.0g,赤芍,30.0g,百芍,30.0g
鲜仙人掌去刺,60.0g,大黄,20.0g,青黛,2.0g
龙骨,30.0g,珍珠母,30.0g,夜交藤,30.0g,酸枣仁,20.0g,五味子,15.0g,白芍,10.0g,生地,15.0g
黄连,10.0g,黄苓,10.0g,黄柏,10.0g,栀子,10.0g
当归,20.0g,生地,20.0g,熟地,20.0g,黄芩,15.0g,黄柏,15.0g,黄连,15.0g,黄芪,30.0g,糯稻根,30.0g
当归,3.0g,白芍,4.0g,生地,4.0g,川芎,3.0g,黄连,3.0g,黄芍,3.0g,黄柏,3.0g,生栀子,3.0g,龙骨,20.0g,牡蛎,20.0g,茜草,4.0g,海螵蛸,6.0g
车前草,15.0g,鱼腥草,30石,苇,15.0g,金银花,15.0g,蒲公英,30.0g,琥珀,2.0g,川木通,10.0g,丹参,15.0g,甘草,6.0g
龙骨,30.0g,牡蛎,30.0g,珍珠母,30.0g,夏枯草,30.0g,白芍,12.0g,何首乌,12.0g,草决明,12.0g,菊花,12.0g,钩藤,20.0g,川牛膝,15.0g
乌梢蛇,15.0g,荆芥,12.0g,防风,15.0g,黄芩,12.0g,黄连,10.0g,当归,15.0g,赤芍,12.0g,白芍,12.0g,柴胡,12.0g,甘草,6.0g
生地,15.0g,茵陈蒿,15石,角牛,12.0g,枳壳,12.0g,麦冬,10.0g,天冬,10.0g,黄芩,10.0g,苍术,6.0g,甘草,6.0g
钩藤,40.0g,竹茹,30.0g,制半夏,12.0g,泽泻,30.0g
柴胡,10.0g,川芎,10.0g,黄芩,10.0g,丹参,15.0g,元胡,15.0g,僵蚕,10.0g
生石决明,10.0g,石膏,10.0g,磁石,10.0g,代赭石,10.0g,新鲜猪胆汁,5.0g
石斛,10.0g,玉竹,10.0g,黄精,10.0g,生地,15.0g,桑椹子,20.0g,山萸肉,10.0g,丹参,15.0g,柴胡,10.0g,五味子,10.0g,枸杞子,15.0g
石膏,20.0g,野菊花,18.0g,知母,18.0g,熟地,18.0g,赤芍,15.0g,牛膝,9条,芩,15.0g,甘草,3.0g
儿茶,10.0g,硼砂,15.0g,珍珠,15.0g,黄柏,15.0g,青黛,10.0g,薄荷,10.0g,板蓝根,15.0g,玄明粉,10.0g,黄芩,15.0g,黄连,15.0g,上梅片,3.0g,甘草,15.0g
荆芥,10.0g,防风,10.0g,黄芩,10.0g,白芷,8.0g,桑白皮,10.0g,金银花,30.0g,野菊花,15.0g,生地,20.0g,丹参,30.0g,赤芍,10.0g,丹皮,None,甘草,6.0g
石膏,30.0g,生地,15.0g,熟地,15.0g,麦冬,10.0g,知母,10.0g,牛膝,10.0g,女贞子,10.0g,地骨皮,10.0g
生地,15.0g,竹叶,10.0g,川木通,5.0g,小蓟,10.0g,黄连,8.0g,甘草,6.0g,琥珀,5.0g
旱莲草,15.0g,女贞子,20.0g,知母,10.0g,黄柏,10.0g,熟地,15.0g,丹皮,10.0g,茯苓,10.0g,泽泻,10.0g,山药,15.0g,龟板,15.0g,蒲黄,10.0g,续断,15.0g
黄连,10.0g,栀子,12.0g,葛根,15.0g,黄芩,10.0g,天花粉,15.0g,麦冬,10.0g,大黄,10.0g,生地,15.0g,丹皮,10.0g,知母,12.0g
金银花,30.0g,蒲公英,30.0g,土茯苓,30.0g,骨石,30.0g,车前子,15.0g,龙胆草,15.0g,萆薢,15.0g,地肤子,15.0g,扁蓄,10.0g,瞿麦,10.0g,川木通,10.0g
生石灰,50.0g,黄柏炭末,20.0g
郁金,10.0g,丹参,10.0g,黄连,6.0g,半夏,10.0g,酸枣仁,10.0g,甘草,15.0g
黄连,3.0g,生地,15.0g,莲子,3.0g,朱灯芯,3.0g,当归,12.0g,白芍,12.0g,五味子,9.0g,浮小麦,50.0g,茯苓,12.0g,夜交藤,30.0g,大枣,12.0g,甘草,9.0g
生地,20.0g,川木通,6.0g,甘草,6.0g,竹叶,10.0g
龙胆草,6.0g,地龙,10.0g,荆芥,9.0g,炒延胡,15.0g,龙骨,30.0g,牡蛎,30.0g,钩藤,2.0g,白芷,10.0g,蔓荆子,9.0g,全蝎,6.0g,当归,20.0g,生地,20.0g
黄芩,10.0g,黑山栀,10.0g,川芎,10.0g,白芷,10.0g,蔓荆子,10.0g,白菊花,10.0g,柴胡,10.0g,生白芍,12.0g,夏枯草,15双,钩藤,15.0g
黄连,3.0g,黄芩,3.0g
苍术,15.0g,黄柏,10.0g,五倍子,6.0g,仙鹤草,30.0g,地骨皮,15.0g,玄参,15.0g,肉桂,3.0g,甘草,5.0g
栀子,10.0g,黄芩,6.0g,金银花,30.0g,知母,10.0g,生地,10.0g,玄参,10.0g,丹皮,10.0g,仙鹤草,15.0g,川牛膝,6.0g
藿香,15.0g,佩兰,15.0g,茵陈蒿,15.0g,龙胆草,6.0g,金钱草,20.0g,龟板,20.0g,鳖甲,20.0g,地骨皮,20.0g
生地,30.0g,玄参,30.0g,麦冬,15.0g,知母,12.0g,丹皮,12.0g,浙贝,12.0g,僵蚕,12.0g,淡大芸,12.0g,黄连,10.0g,吴茱萸,30.0g,甘草,3.0g
白芍,18.0g,甘草,6.0g,黄连,6.0g,盛智仁,6石
牛膝,30.0g,代赭石,30.0g,龟板,15.0g,天冬,15.0g,生白芍,15.0g,龙骨,15.0g,牡蛎,15.0g,玄参,15.0g,茵陈蒿,6.0g,川楝子,6.0g,麦芽,6.0g,生甘草,6.0g
知母,10.0g,黄柏,10.0g,熟地,15.0g,山药,10.0g,山萸肉,10.0g,茯苓,8.0g,丹皮,8.0g,泽泻,10.0g
苦参,30.0g,土茯苓,30.0g,蛇麻子,30.0g,紫草,30.0g,地肤子,15.0g,赤芍,10.0g,苍术,10.0g,黄柏,10.0g
生地,0.0g,丹皮,0.0g,玄参,0.0g,麦冬,0.0g,天花粉,0.0g,黄连,0.0g,黄柏,0.0g,黄芩,0.0g,莲心,0.0g,橘核,0.0g
荆芥,10.0g,薄荷,6.0g,金银花,12.0g,连翘,12.0g,石膏,30.0g,柴胡,10.0g,大青叶,10.0g,甘草,4.0g
黄连,10.0g,黄芩,10.0g,吴茱萸,10.0g,蒲公英,15.0g,白芍,15.0g,元胡,15.0g,北沙参,10.0g,麦冬,15.0g,莱菔子,30.0g,煅瓦楞子,30.0g
淡竹叶,9.0g,栀子,9.0g,大青叶,9.0g,金银花,9.0g,石膏,30.0g,黄连,4.5g,甘草,4.5g,薄荷,4.5g
夏枯草,50.0g,地龙,20.0g,黄芩,18.0g,菊花,15.0g,丹参,24.0g,天麻,15.0g,钩藤,20.0g,枸杞子,18.0g,泽泻,3.0g,甘草,2.0g
生地,20.0g,熟地,20.0g,山萸肉,20.0g,黄连,15.0g,黄柏,15.0g,知母,15.0g,山药,10.0g,麦冬,10.0g,天花粉,10.0g
黄连,5.0g,白芍,15石,莲子,15.0g,远志,15.0g,茯苓,15.0g,黄柏,10.0g,桑螵蛸,10.0g,五味子,10.0g,柏子仁,10.0g,阿胶,10.0g,鸡子黄,1.0g,牧,None
黄连,9.0g,黄柏,9.0g,桅子,9.0g,川芎,9.0g,黄芩,12.0g,金银花,12.0g,当归,12.0g,丹参,12.0g,白芍,12.0g,生地,12.0g
黎辣根,100.0g,穿破石,100.0g,当归,2.5g,北杏,15.0g,川贝,15.0g,瓜蒌仁,15.0g,薏苡仁,30.0g,紫苑,2.5g,白芨,2.0g,.阿胶,15.0g,百部,2.5g,牡蛎,15.0g,枇杷叶,20.0g
黄芪,15.0g,党参,15.0g,甘草,10.0g,白术,10.0g,当归,10.0g,白芍,5.0g,酸枣仁,15.0g,山萸,5.0g,枸杞子,10.0g,故纸,5.0g,桃仁,1个
赤芍,15.0g,红花,9.0g,桃仁,9.0g,川芎,9.0g,当归,15.0g,生地,30.0g,柴胡,9.0g,枳实,9.0g,川牛膝,15石,石菖蒲,12.0g,龙骨,30.0g,牡蛎,30.0g
吴茱萸,0.0g,胆南星,1.0g,大黄,2.0g
李根白皮,12.0g,葛根,12.0g,甘草,12.0g,川芎,10.0g,白芍,10.0g,当归,10.0g,半夏,18.0g,黄芩,15.0g,干姜,15.0g
石膏,30.0g,细辛,3.0g
枇杷叶,15.0g,桑白皮,15.0g,连翘,15.0g,黄柏,10.0g,白花蛇舌草,10.0g,黄连,10.0g,生地,20.0g,甘草,5.0g
丹皮,10.0g,栀子,10.0g,柴胡,10.0g,白术,10.0g,茯苓,10.0g,白芍,15.0g,当归,15.0g,甘草,3.0g
大黄,12.0g,黄连,6.0g,黄芩,6.0g
青蒿,3.0g,银柴胡,9.0g,桔梗,9.0g,黄芩,9.0g,连翘,9.0g,金银花,9.0g
鲜侧柏叶,240.0g,大黄,60.0g,当归,60.0g,地榆,60.0g,血余炭,60.0g,露蜂房,1个,蜂蜡,0.0g,香油,1000.0g,樟脑,9.0g
生地,0.0g,地骨皮,0.0g,丹皮,0.0g,黄柏,0.0g,生白芍,0.0g,黄连,0.0g,黄芩,0.0g,焦栀,0.0g,地榆,0.0g,藕汁,0.0g
知母,0.0g,黄柏,0.0g,山萸肉,0.0g,山药肉,0.0g,丹皮,0.0g,泽泻,0.0g,熟地,0.0g,茯苓,0.0g
石膏,10.0g,知母,10.0g,黄芪,10.0g,栀子,10.0g,大青叶,10.0g,藿香,10.0g,佩兰,10.0g
牛黄,0.5g,天麻,15.0g,磁石,30.0g,清黛,10.0g,栀子,10.0g,郁金,12.0g,天竺黄,15.0g
虎杖,30.0g,丹皮,10.0g,栀子,10.0g,黄芩,10.0g,川楝子,10.0g,龙胆草,10.0g,郁金,10.0g,天竺黄,10.0g,竹茹,15.0g,钩藤,30.0g,白芍,30.0g,甘草,6.0g
当归,10.0g,白芍,10.0g,生地,15.0g,酸枣仁,15.0g,茯神,15.0g,远志,6.0g,柴胡,10.0g,薄荷,6.0g,龙胆草,6.0g,栀子,10.0g,连翘,10.0g,天竺黄,0.0g
生地榆,30.0g,生槐角,30.0g,半枝莲,30.0g,白花蛇舌草,30.0g,大青叶,30.0g,白槿花,15.0g,滑石,15.0g,生甘草,6.0g
丹皮,0.0g,栀子,0.0g,竹茹,0.0g,天花粉,0.0g,郁金,0.0g,青蛤壳,0.0g,瓦楞子,0.0g,金果榄,0.0g,大黄,0.0g,甘草,0.0g
鲜苍耳子,500.0g,野菊花,500.0g,薄荷,500.0g,川羌,90.0g,独活,90.0g,生锦文,90.0g,天南星,90.0g,白芷,90.0g,生地,90.0g,赤芍,90.0g,栀子,90.0g,黄芩,90.0g
龙胆草,10.0g,生山栀,10.0g,黄芩,10.0g,柴胡,10.0g,连翘,12.0g,水牛角,30.0g,制川军,6.0g,车前子,10.0g,丹皮,6.0g
麻黄,0.0g,杏仁,0石,甘草,0.0g
柴胡,10.0g,当归,12.0g,白芍,10.0g,白术,10.0g,茯苓,10.0g,丹皮,140.0g,栀子,10.0g,蒲公英,15.0g,甘草,3.0g,麦芽,60.0g,炒麦草,60.0g
石韦,15.0g,川木通,15.0g,冬葵子,15.0g,海金砂,15.0g,车前子,15.0g,金钱草,45.0g,墨旱莲,45.0g,何首乌,20.0g,枸杞子,20.0g,知母,20.0g,黄芪,20.0g,威灵仙,30.0g
川木通,5.0g,栀子,10.0g,黄柏,10.0g,萆薢,10.0g,蚕砂,10.0g,生甘草,5.0g,滑石,10.0g,大黄,5.0g,车前子,10.0g
金银花,15.0g,连翘,12.0g,石膏,30.0g,知母,10.0g,重楼,10.0g,板蓝根,10.0g,生甘草,5.0g
生地,30.0g,麦冬,15.0g,玄参,15.0g,枳实,15.0g,厚朴,15.0g,大黄,10.0g,芒硝,25.0g,丹皮,20.0g
大黄,60石,石菖蒲,10.0g,郁金,10.0g,百合,30合,欢皮,30.0g,远志,15.0g,牡蛎,15.0g
鲜生地,50.0g,鲜茅根,50.0g,鲜芦根,100.0g
当归,120.0g,金银花,60.0g,玄参,30.0g,生甘草,15.0g
柴胡,10.0g,生地,15.0g,当归,15.0g,赤勺,15.0g,川芎,10.0g,连翘,10.0g,牛蒡子,10.0g,黄芩,10.0g,栀子,12.0g,天花粉,12.0g,防风,12.0g,甘草,5.0g
生地,0.0g,玄参,0.0g,麦冬,0.0g,北沙参,0.0g,白芍,0.0g,知母,0.0g,盐黄柏,0.0g,丹参,0.0g,赤勺,0.0g
地龙,20.0g,虎杖,20.0g,穿山甲,20.0g,莱菔子,20.0g,川木通,15.0g,车前子,15.0g,黄芪,30.0g,甘草,10.0g
熟地,0石,知母,0.0g,牛膝,0.0g,麦冬,0.0g
龙胆草,15.0g,柴胡,10.0g,黄芩,10.0g,栀子,20.0g,川木通,10.0g,车前子,10.0g,当归,12.0g,熟地,20.0g
西洋参,0.0g,天冬,0.0g,生地,0.0g,知母,0.0g,黄柏,0.0g,砂仁,0.0g,藿香叶,0.0g,石膏,0.0g,栀子,0.0g,甘草,0.0g
知母,0.0g,黄柏,0.0g,生地,0.0g,车前子,0.0g,白茅根,0.0g,甘草稍,0.0g
生黄芪,15.0g,南沙参,15.0g,北沙参,15.0g,天冬,12.0g,麦冬,12.0g,制半夏,6.0g,炒子芩,6.0g,农吉利,20.0g,白术,6.0g,生甘草,3.0g,姜片,1片
炒柴胡,5.0g,白芍,10.0g,焦山栀,9.0g,苦参片,9.0g,生地,12.0g,墨旱莲,12.0g,女贞子,12.0g,蒲公英,12.0g,炒丹皮,6.0g,当归,6.0g,碧玉散,20.0g
龙胆草,10.0g,黄芩,10.0g,柴胡,10.0g,当归,10.0g,栀子,10.0g,瓜蒌皮,10.0g,苦参,10.0g,泽泻,10.0g,川木通,10.0g,车前子,15.0g,蒲公英,20.0g
龙胆草,6.0g,细生地,10.0g,栀子,10.0g,黄芩,10.0g,柴胡,6.0g,泽泻,10.0g,茯苓,10.0g,车前子,10.0g,生甘草,6.0g
知母,10.0g,黄柏,10.0g,生地,10.0g,山药,10.0g,白术,10.0g,山萸肉,10.0g,茯苓,10.0g,丹皮,10.0g,泽泻,10.0g,甘草,6.0g
全蝎,4只,槟榔,3.0g,生甘草,3.0g,川牛膝,3.0g,炙甲片,9.0g,桃仁,9.0g,红花,3.0g,独活,3.0g,赤芍,6.0g,黄柏,6.0g,忍冬藤,12.0g
冰片,60.0g,儿茶,30.0g,黄柏,9.0g,青黛,9.0g,薄荷,6.0g,冰片,1.5g
石膏,30.0g,黄连,9.0g,黄芩,9.0g,金银花,30.0g,连翘,15.0g,淡竹叶,6.0g,丹皮,15.0g,大知母,12.0g,栀子,9.0g,犀角,3.0g,玄参,6.0g,桔梗,4.5g
金银花,30.0g,连翘,20.0g,黄芩,8.0g,桔梗,10.0g,元胡,10.0g,枳壳,9.0g,乌药,12.0g,甘草,6.0g
红大戟,10.0g,甘草,10.0g,大黄,10.0g,玄明粉,10.0g,枳壳,10.0g,礞石,10.0g,黄芩,10.0g,沉香,10.0g,莲心,3.0g
土茯苓,30.0g,滑石,30.0g,萆薢,20.0g,苍术,15.0g,黄柏,15.0g,车前子,15.0g,瞿麦,15.0g,川木通,10.0g,扁蓄,10.0g,栀子,10.0g,大黄,10.0g,甘草,3.0g
地榆,9.0g,仙鹤草,9.0g,阿胶,9.0g,麦冬,9.0g,北沙参,9.0g,白术,9.0g,茯苓,9.0g,桔梗,3.0g,紫苑,3.0g,甘草,3.0g
炙细辛,1.5g,乌梅,1.2g,白芍,6.0g,玄参,9.0g,焦山栀,9.0g,石膏,12.0g,大黄,6.0g
蛇床子,30.0g,龙胆草,15.0g,苦参,30.0g,黄柏,9.0g,枯矾,6.0g
海螵蛸,30.0g,大黄,30.0g,苎麻根,50.0g,生地炭,20.0g,黄芩,20.0g,雅黄连,15.0g
金银花,0.0g,连翘,0.0g,淡竹叶,0.0g,荆芥,0.0g,牛蒡子,0.0g,生甘草,0.0g,芦根,0.0g,板蓝根,0.0g,柴胡,0.0g,青蒿,0石
苦参,10.0g,黄连,10.0g,生地,15.0g,麦冬,15.0g,玄参,10.0g,酸枣仁,15.0g,柏子仁,10.0g
龙胆草,10.0g,黄芩,10.0g,柴胡,10.0g,生山栀,10.0g,当归,20.0g,生地,15.0g,泽泻,15.0g,车前子,15.0g,川木通,3.0g,甘草,5.0g
黄连,60.0g,枯矾,60.0g,白芨,100.0g,九香虫,100.0g,蒲公英,300.0g,生芡实,300.0g,甘草,90.0g
知母,9.0g,黄柏,10.0g,生地,15.0g,山萸肉,9.0g,山药,15.0g,土茯苓,15.0g,小蓟根,30.0g,炒蒲黄,15.0g,鲜茅根,30.0g,参三七粉,1.5g
大黄,10.0g,广姜黄,10.0g,僵蚕,10.0g,生地,10.0g,赤芍,10.0g,生山栀,5.0g,黄连,5.0g,大青叶,15.0g
生黄芪,30.0g,西洋参,10.0g,山药,30.0g,白术,15.0g,生地,15.0g,玄参,15.0g,丹皮,15.0g,麦冬,15.0g,五味子,15.0g,山萸肉,20.0g,天花粉,30.0g
生地,15.0g,枸杞子,15.0g,女贞子,15.0g,麦冬,15.0g,北沙参,15.0g,山药,15.0g,玄参,12.0g,山萸肉,10.0g,肉桂,3.0g,牡蛎,30.0g
金银花,24.0g,紫花地丁,12.0g,蒲公英,15.0g,连翘,9.0g,陈皮,6.0g,青皮,6.0g,甘草,6.0g
大黄,9.0g,芒硝,9.0g,厚朴,9.0g,枳壳,15.0g,桃仁,6.0g,赤芍,9.0g,莱菔子,30.0g
朱砂,3.0g,黄连,5.0g,黄柏,5.0g
黄芪,15.0g,生地,15.0g,熟地,10.0g,黄连,6.0g,黄柏,10.0g,黄芩,10.0g,当归,10.0g,荞麦,15.0g
当归,15.0g,黄芩,15.0g,黄芪,15.0g,黄连,10.0g,黄柏,10.0g,生地,30.0g,熟地,20.0g,大黄,5.0g,天花粉,15.0g,玄参,15.0g
龟板,30石,决明,20.0g,菊花,10.0g,钩藤,15.0g,牛膝,15.0g
北沙参,15.0g,麦冬,15.0g,当归,15.0g,生地,15.0g,枸杞子,15.0g,川楝子,9.0g
桑白皮,0.0g,酒黄芩,0.0g,知母,0.0g,葶苈子,0.0g,苏子,0.0g,地骨皮,0.0g,杏仁,0.0g,瓜蒌,0.0g,白茅根,0.0g,莱菔子,0.0g,竹沥,0.0g
当归,4.0g,白芍,9.0g,熟地,4.0g,川芎,3.0g,黄连,3.0g,黄芩,3.0g,黄柏,2.0g,栀子,2.0g
丹皮,10.0g,栀子,10.0g,当归,10.0g,白芍,15.0g,柴胡,6.0g,茯苓,10.0g,甘草,6.0g,薄荷,6.0g,白术,10.0g,女贞子,15.0g,旱连草,30.0g,干姜,3.0g
青黛,3.0g,儿茶,3.0g,黄连,3.0g,白芨,3.0g,薄荷,3.0g,煅硼砂,4.0g,生甘草,2.0g,冰片,2.0g,冰片,1.0g
天麻,0.0g,钩藤,0.0g,生石决明,0.0g,山栀子,0.0g,黄芩,0.0g,川牛膝,0.0g,地龙,0.0g,桑寄生,0.0g,益母草,0.0g,鸡血藤,0.0g
铁落花,30.0g,龙骨,30.0g,磁石,30.0g,青礞石,30.0g,朱砂,1.0g,琥珀,3.0g,丹参,30.0g,酸枣仁,30.0g,生白芍,30.0g,远志,10.0g,黄连,10.0g,大黄,10.0g,甘草,10.0g,山楂,15.0g
玄参,0.0g,牡蛎,0.0g,川贝,0.0g
礞石,20.0g,黄芩,20.0g,半夏,10.0g,连翘,10.0g,枳实,10.0g,石菖蒲,10.0g,郁金,15.0g,大黄,10.0g,芒硝,10.0g,厚朴,12.0g
石膏,30.0g,生地,30.0g,玄参,30.0g,薄荷,6.0g,细辛,6升,地骨皮,15.0g,谷精草,15.0g,黄连,9.0g,大黄,9.0g,川牛膝,15.0g
石膏,100.0g,大黄,30.0g,生栀子,30.0g,川红花,10.0g,生滑石,60.0g,生甘草,10.0g,川羌,10.0g,独活,10.0g,威灵仙,15.0g,冰片,3.0g,细辛,10.0g,生乳香,15.0g,生没药,15.0g,野菊花,60.0g
柴胡,12.0g,枳实,12.0g,黄芩,12.0g,大黄,0.0g,后下白芍,30.0g,山楂,30.0g,白花蛇舌草,30.0g,石膏,30.0g,生甘草,6.0g
生地,12.0g,川木通,5.0g,竹叶,10.0g,甘草,6.0g,桑白皮,15.0g,焦山栀,9.0g,连翘,9.0g,瓜蒌皮,9.0g
龙胆草,6.0g,黄芩,12.0g,川芎,12.0g,柴胡,9.0g,栀子,9.0g,通草,9.0g,泽泻,9.0g,当归,9.0g,川楝子,9.0g,元胡,9.0g,全蝎,6.0g,蜈蚣,6.0g,黄连,3.0g
生地,30.0g,旱莲草,15.0g,茯苓,15.0g,泽泻,15.0g,益母草,15.0g,女贞子,15.0g,山萸肉,12.0g,丹皮,12.0g,栀子,12石,甘草,5.0g
生地,30.0g,熟地,30.0g,麦冬,15石,天花粉,15.0g,鬼箭羽,15.0g,丹参,15.0g,黄芪,20.0g,山药,20.0g,苍术,10.0g,知母,10.0g,黄柏,10.0g
瓜蒌,20.0g,红花,10.0g,生甘草,6.0g
阿胶,30.0g,黄连,30.0g,白芍,30.0g,五味子,20.0g,生地,20.0g
石斛,20.0g,麦冬,15.0g,生地,30.0g,鬼箭羽,30.0g,玄参,12.0g,天花粉,12.0g,山药,12.0g,黄芪,10.0g,知母,10.0g,苍术,10.0g,丹参,10.0g
龙胆草,15.0g,当归,15.0g,生地,15.0g,白芨,15.0g,栀子,12.0g,黄芩,12.0g,柴胡,12.0g,黄柏,12.0g,青黛,15.0g,黄芪,20.0g,生甘草,10.0g
龙胆草,15.0g,黄苓,12.0g,川木通,12.0g,车前子,15.0g,泽泻,10.0g,栀子,10.0g,当归,10.0g,柴胡,10.0g,丹皮,10.0g,生地,30.0g,夏枯草,30.0g,甘草,30.0g
熟地,18.0g,山萸肉,15.0g,山药,15.0g,茯苓,15.0g,泽泻,15.0g,丹皮,15.0g
生地,15.0g,熟地,15.0g,山萸肉,15.0g,山药,15.0g,云茯苓,15.0g,知母,9.0g,黄柏,9.0g,丹皮,9.0g,川木通,10.0g,泽泻,10.0g,甘草,6.0g
石膏,15.0g,生地,10.0g,黄连,9升,丹皮,10.0g,当归,6.0g,金银花,15.0g,蒲公英,15.0g,桃仁,10.0g,白术,10.0g,丹参,12.0g
黄芪,20.0g,党参,20.0g,白术,12.0g,茯苓,12.0g,乳香,10.0g,没药,10.0g,甘草,10.0g
山萸肉,None,山药,None,枸杞子,None,熟地,None,茯苓,None,菟丝子,None,覆盆子,None,淫羊藿,None,黄柏,None,甘草,None
龙胆草,15.0g,栀子,15.0g,车前草,15.0g,生地,15.0g,大黄,15.0g,诃子,15.0g,青黛,30.0g,瓜蒌,30.0g,川木通,10.0g,泽泻,10.0g,当归,10.0g,柴胡,10.0g,海浮石,10.0g,甘草,10.0g
青黛,10.0g,黄连,8.0g,半夏,12.0g,陈皮,15.0g,茯苓,20.0g,枳实,10.0g,竹茹,15.0g,神曲,20.0g,干姜,3片
天麻,500.0g,何首乌,500.0g,防己,500.0g,莲心,100.0g,菊花,500.0g,杜仲,250.0g,吴茱萸,50.0g,石菖蒲,500.0g,山楂,500.0g,泽泻,500.0g,当归,250.0g,白果,100.0g,川芎,250.0g,丹参,250.0g,三七,500.0g,枸杞子,500.0g,淫羊藿,500.0g,夏枯草,500.0g
升麻,15.0g,生地,15石,黄连,6.0g,金龟莲,15.0g,白芷,15.0g,细辛,10.0g,骨碎补,10.0g,甘草,3.0g
豨莶草,None,金银花,None,槐花,None,地榆,None,黄芩,None,大黄,None
大黄,None,黄连,None,巴豆,None,川贝,None,姜淀粉,None,荸荠粉,None,天南星,None,朱砂,None
黄连,None,黄芩,None,玄参,None,连翘,None,牛蒡子,None,板蓝根,None,薄荷,None,马勃,None,僵蚕,None,柴胡,None,升麻,None,桔梗,None,甘草,None,陈皮,None,朱砂,None
丹皮,10.0g,栀子,10.0g,酸枣仁,10.0g,夜交藤,10.0g,柴胡,3.0g,龙骨,30.0g,牡蛎,30.0g
大黄,30.0g,黄连,15.0g,黄芩,15.0g,石膏,60.0g,生石决明,30.0g,龙胆草,15.0g,栀子,12.0g,朱砂,1.5g,琥珀,3.0g
桑白皮,15.0g,地骨皮,10.0g,甘草,5.0g,粳米,5.0g,花蕊石,15.0g,三七粉,3.0g,血涂炭,10.0g
薄荷,0.0g,锦灯笼,0.0g,金果榄,0石,玄参,0寸,五味子,0.0g,川栋子,0.0g,桔梗,0.0g
龙胆草,6.0g,黄芩,9.0g,山栀子,9.0g,川木通,6.0g,车前子,9.0g,泽泻,9.0g,柴胡,9.0g,白术,9.0g,当归,9.0g,生地,15.0g,菊花,10.0g,甘草,6.0g
桑叶,10.0g,麦冬,30.0g,玄参,15.0g,丹皮,10.0g,薄荷,6.0g,石膏,20.0g,阿胶,10.0g,甘草,10.0g,太子参,15.0g,牛蒡子,15.0g
川芎,20.0g,石膏,30.0g,知母,10.0g,黄连,10.0g,大黄,6.0g,生地,30.0g,麦冬,15.0g,天麻,10.0g,蜈蚣,2条,白芍,30.0g,甘草,10.0g
金银花,15.0g,连翘,10.0g,柴胡,6.0g,黄芩,6.0g,杏仁,6.0g,桔梗,6.0g,薄荷,6.0g,芥穗,6.0g,石膏,30.0g,大黄,3.0g,焦三仙,6.0g
百部,12.0g,海浮石,12.0g,海蛤粉,12.0g,白芨,1.5g,桑白皮,12.0g,黄芩,10.0g,鱼腥草,20.0g
牡蛎,30.0g,泽泻,5.0g,海藻,15.0g,橄榄,30.0g,玄参,20.0g,桔梗,15.0g,天花粉,30.0g,甘草,5.0g
炒杜仲,21.0g,菟丝子,15.0g,当归,12.0g,知母,9.0g,五味子,9.0g,龟板,15.0g
生何首乌,30.0g,当归,10.0g,川芎,10.0g,槐花,10.0g,草决明,30.0g,泽泻,15.0g,生山楂,20.0g,丹参,30.0g,生蒲黄,9.0g
知母,10.0g,黄柏,10.0g,生地,12.0g,丹皮,10.0g,吴茱萸,10.0g,山药,12.0g,茯苓,12.0g,泽泻,12.0g,女贞子,12.0g,何首乌,15.0g,麦芽,90.0g,紫河车粉,0.0g
熟地,15.0g,山药,15.0g,山萸肉,10.0g,丹皮,15.0g,泽泻,10.0g,茯苓,15.0g,黄芪,20.0g,蝉蜕,6.0g,益母草,20.0g,赤芍,20.0g,川芎,20.0g,甘草,6.0g
生大黄粉,10.0g,白芨粉,10.0g,田三七粉,6.0g,黄芪粉,30.0g
石膏,30.0g,知母,10.0g,麦冬,10.0g,生地,20石,角牛,10.0g,牛膝,10.0g,细辛,3.0g,白芷,10.0g,蒺藜,12.0g,白芍,20.0g,甘草,5.0g
升麻,15.0g,玄参,15.0g,生地,15.0g,女贞子,15.0g,淫羊藿,10.0g,丹皮,10.0g,泽泻,10.0g,知母,6.0g,黄柏,6.0g
黄芩,12.0g,大黄,15.0g,栀子,10.0g,金钱草,20.0g,广郁金,12.0g,元胡,10.0g,白芍,10.0g,枳壳,10.0g,香附,12.0g,陈皮,10.0g,生甘草,5.0g
杏仁,9.0g,旋覆花,2.4g,川贝,9.0g,山栀子,9.0g,丹皮,6.0g,枇杷叶,9.0g,云茯苓,9.0g,桑叶,9.0g,牛蒡子,9石,决明,9.0g,射干,4.5g,白茅根,9.0g
磁石,30.0g,稀莶草,20.0g,玄参,10.0g,车前草,20.0g,小蓟,20.0g,夏枯草,20.0g,益母草,20.0g
黄精,30.0g,路路通,15.0g,竹叶,10.0g,甘草,30.0g,茯苓,15.0g,知母,20.0g,枸杞子,15.0g,麦冬,15.0g,萆薢,10.0g,白芍,15.0g
胡萝卜,500.0g,菟丝子,60.0g,女贞子,15.0g,枸杞子,15.0g,覆盆子,15.0g,五味子,15.0g,破故子,15.0g,韭菜子,15.0g,车前子,15.0g,山萸肉,15.0g,桑椹子,30.0g,甘草,5.0g
黄连,0.0g,黄芩,0.0g,大黄,0.0g,青黛,0.0g,芦荟,0.0g,胡连,0.0g,使君子,0.0g,冰片,0.0g,党参,0.0g,白术,0.0g,茯苓,0.0g,甘草,0.0g,山楂,0.0g,麦芽,0.0g,健曲,0.0g
柴胡,10.0g,黄芩,10.0g,石膏,30.0g,知母,10.0g,金银花,10.0g,连翘,10.0g
桔梗,20.0g,生甘草,6.0g,玄参,10.0g,麦冬,10.0g,金银花,20.0g
大黄,30.0g,全蝎,30.0g,川芎,30.0g,半夏,50.0g,礞石,35.0g,沉香,35.0g,海浮石,35.0g,天南星,42.0g,黑丑,90.0g,建曲,240.0g,蕲蛇,1条
石膏,0.0g,大黄,0.0g,生栀子,0.0g
鲜生地,30.0g,丹皮,6.0g,金银花,9.0g,黑山栀,9.0g,连翘,9.0g,夏枯草,9.0g,赤芍,9.0g,黄芩,3.0g,生甘草,45.0g,生石决明,30.0g
黄连,3.0g,黄芩,3.0g,大黄,9.0g
淡竹叶,0.0g,石膏,0.0g,大黄,0.0g
知母,6.0g,黄柏,6.0g,玄参,15.0g,龙胆草,5.0g,苏花,45.0g,腊梅,15.0g,重楼,10.0g,白芷,5.0g,蝉蜕,6.0g,薏苡仁,50.0g,丹皮,9.0g,赤勺,12.0g,甘草,6.0g
黄芪,30.0g,党参,20.0g,生地,15.0g,丹参,15.0g,川芎,12.0g,连翘,15.0g,紫石英,30.0g,紫贝齿,15.0g,桂枝,6.0g,苦参,10.0g,黄连,6.0g,甘草,10.0g
生地,20.0g,瓜蒌,20.0g,天竺黄,15.0g,浙贝,15.0g,海浮石,15.0g,知母,10.0g,麦冬,10.0g,天冬,10.0g,玄参,10.0g,甘草,6.0g
仙茅,9.0g,淫羊藿,9.0g,当归,9.0g,八戟天,9.0g,黄柏,4.5g,知母,4.5g
生地,15.0g,赤芍,15.0g,萆薢,15.0g,肉苁蓉,15.0g,菟丝子,15.0g,黄柏,10.0g,丹皮,10.0g,车前子,20.0g,淫羊藿,20.0g,枸杞子,12.0g
水牛角,6.0g,黄连,6.0g,羚羊粉,3.0g,生地,15.0g,玄参,15.0g,金银花,15.0g,泽泻,15.0g,枳壳,15.0g,甘草,10.0g,干姜,1.0g,大枣,3.0g
夏枯草,3000.0g,蚕虫壳,4000.0g,车前草,2000.0g,制女贞,2500.0g,珍珠母,2500.0g,荠菜花,2500.0g
黄芪,0.0g,栀子,0.0g,怀牛膝,0.0g,菊花,0.0g,钩藤,0石,决明,0.0g
西秦九,9.0g,制茅术,9.0g,紫草根,9.0g,金银花,9.0g,黄芩,9.0g,赤苓,6.0g,野菊花,6.0g,赤勺,6.0g,黄连,3.0g,生甘草,4.5g
黄连,30.0g,黄柏,30.0g,大黄,30.0g,白芨,50.0g,硼砂,20.0g,冰片,10.0g
大黄,20.0g,去明粉,15.0g,石膏,60.0g,知母,20.0g,蝉蜕,15.0g,钩藤,15.0g,生地,25.0g,板蓝根,25.0g,金银花,25.0g,太子参,25.0g,甘草,10.0g
桃仁,9.0g,炒桅子,9.0g,丹皮,6.0g,牛膝,12.0g,苏子,20.0g,茜草,15.0g,花蕊石,15.0g
金银花,30.0g,忍冬藤,30.0g,生地,30石,知母,12.0g,羚羊角粉,1.0g,丹皮,10.0g
柴胡,5.0g,黄芩,5.0g,山桅,5.0g,太子参,10.0g,白芍,10.0g,浙贝,10.0g,橘核,10.0g,夏枯草,10.0g,海藻,10.0g,昆布,10.0g,麦芽,10.0g
全蝉蜕,9.0g,山桅,9.0g,地骨皮,5.0g,钩藤,3.0g
黄柏,10.0g,艾叶,10.0g,甘草,6.0g,黑羊粪,14.0g
黄连,6.0g,阿胶,6.0g,乌梅,10.0g,麦冬,10.0g,生地,10.0g
桑白皮,10.0g,南天竹,10.0g,射干,10.0g,地骨皮,10.0g,百部,10.0g,浙贝,10.0g,金沸草,10.0g,葶苈子,10.0g,炙兜铃,5.0g,生甘草,3.0g,黛蛤散,15.0g,鱼腥草,30.0g
川羌,0.0g,荆芥,0.0g,桑白皮,0.0g,地骨皮,0.0g,天花粉,0.0g
黄连,0.0g,竹叶,0.0g,冰片,0.0g,金银花,0.0g,白茅根,0.0g
茵陈蒿,0.0g,龙胆草,0.0g,黄芩,0.0g,猪胆膏,0.0g,栀子,0.0g,白芍,0.0g,当归,0.0g,甘草,0.0g
黄芪,15.0g,黄芩,12.0g,黄连,12.0g,黄柏,10.0g,连翘,10.0g,蒲公英,10.0g,金银花,12.0g,车前子,12.0g,泽泻,9.0g,茯苓,9.0g,猪苓,9.0g,甘草,9.0g
何首乌,30.0g,金樱子,30.0g,草决明,30.0g,生薏仁,30.0g,茵陈蒿,24.0g,泽泻,24.0g,生山楂,18.0g,柴胡,12.0g,郁金,12.0g,大黄,6.0g
大黄,12.0g,枳实,10.0g,厚朴,12.0g,甘草,15.0g,小野鸡尾,15.0g,葛花,30.0g,白芍,30.0g,玄明粉,10.0g
焦桅子,6.0g,黄连,1.0g,黄芩,6.0g,黄柏,3.0g,大黄,1.0g
茵陈蒿,4.0g,桅子,3.0g,大黄,1.0g
龙胆草,10.0g,黄芩,15.0g,夏枯草,20.0g,生栀子,15.0g,丹皮,15.0g,大黄,10.0g,川木通,10.0g,白花蛇舌草,60.0g,金银花,30.0g
龙胆草,10.0g,大黄,5.0g,川羌,10.0g,防风,10.0g,当归,10.0g,川芎,10.0g,琥珀,0.5g,生龙齿,10.0g
龙胆草,10.0g,栀子,12.0g,柴胡,12.0g,川木通,10.0g,车前子,30.0g,生地,20.0g,当归,15.0g,大黄,6.0g,赤芍,15.0g,枳壳,10.0g,白芷,10.0g,黄芩,12.0g,川牛膝,15.0g
山萸肉,15.0g,熟地,15.0g,山药,15.0g,茯苓,12.0g,泽泻,10.0g,丹皮,10.0g,附子,15.0g,桂枝,10.0g,黄柏,10.0g,知母,10.0g,浮小麦,15.0g,黄芪,15.0g
龙胆草,10.0g,栀子,12.0g,柴胡,12.0g,生地,20.0g,当归,15.0g,大黄,8.0g,赤芍,15.0g,川芎,15.0g,枳壳,10.0g,白芷,10.0g,黄芩,12.0g,川牛膝,15.0g,佛手,12.0g
山萸肉,15.0g,熟地,15.0g,山药,15.0g,茯苓,12.0g,泽泻,10.0g,丹皮,10.0g,附子,12.0g,桂枝,10.0g,黄柏,10.0g
龙胆草,10.0g,栀子,12.0g,柴胡,12.0g,生地,20.0g,当归,15.0g,大黄,6.0g,赤芍,15.0g,川芎,15.0g,枳壳,10.0g,瓜壳,15.0g,黄芩,12.0g,川牛膝,15.0g,佛手,12.0g
龙胆草,10.0g,栀子,12.0g,柴胡,12.0g,川木通,10.0g,车前子,30.0g,生地,20.0g,当归,15.0g,大黄,5.0g,赤芍,15.0g,枳壳,10.0g,白芷,10.0g,黄芩,12.0g,川牛膝,15.0g,甘草,5.0g
姜夏,18.0g,厚朴,15.0g,茯苓,15.0g,干姜,5片,紫苏,30.0g,枳壳,12.0g,柴胡,10.0g,白芍,20.0g,砂仁,10.0g,木香,15.0g,公丁香,6.0g,黄连,6.0g,黄芩,10.0g,当归,20.0g,党参,30.0g,甘草,6.0g
龙胆草,12.0g,栀子,12.0g,黄芩,12.0g,柴胡,10.0g,川木通,10.0g,车前子,30.0g,泽泻,12.0g,生地,20.0g,当归,20.0g,茵陈蒿,15.0g,牡蛎,20.0g,藿香,20.0g
黄芪,20.0g,北沙参,30.0g,麦冬,15.0g,当归,20.0g,陈皮,10.0g,升麻,10.0g,甘草,10.0g,沉香,10.0g,白芍,18.0g,枳壳,12.0g,黄连,10.0g,黄芩,12.0g
黄柏,12.0g,生地,15.0g,赤芍,15.0g,郁金,12.0g,丹参,20.0g,肉桂,3.0g,牡蛎,20.0g,甘草,6.0g
北沙参,30.0g,麦冬,15.0g,五味子,10.0g,石膏,30.0g,生地,20.0g,白芍,15.0g,黄芪,30.0g,当归,20.0g,黄连,10.0g,黄芩,12.0g,甘草,10.0g
石膏,30.0g,麦冬,15.0g,生地,20.0g,芦根,20.0g,白茅根,30.0g,金银花,30.0g,连翘,20.0g,薄荷,10.0g,前胡,20.0g,浙贝,15.0g,桔梗,12.0g,生甘草,6.0g
黄芪,30.0g,党参,30.0g,白术,18.0g,当归,20.0g,陈皮,10.0g,升麻,10.0g,柴胡,10.0g,甘草,10.0g,黄连,6.0g,白芍,15.0g,砂仁,10.0g,建曲,15.0g,麦芽,20.0g,独活,12.0g
北沙参,30.0g,麦冬,15.0g,五味子,10.0g,白芍,15.0g,山药,15.0g,白术,15.0g,牡蛎,20.0g,胡连,6.0g,当归,20.0g,砂仁,10.0g,麦芽,20.0g,山楂,15.0g,甘草,6.0g
白人参,20.0g,五味子,10.0g,麦冬,12.0g,当归,15.0g,黄芪,20.0g,丹皮,12.0g,黄连,6.0g,柴胡,10.0g,甘草,6.0g
黄芪,20.0g,晒参,20.0g,白术,15.0g,茯苓,12.0g,当归,20.0g,陈皮,10.0g,升麻,10.0g,柴胡,10.0g,甘草,10.0g,黄连,6.0g,沉香,10.0g,白芍,12.0g,苏梗,20.0g,麦芽,20.0g
当归,20.0g,白芍,20.0g,川芎,15.0g,生地,25.0g,丹参,20.0g,柴胡,12.0g,枳壳,12.0g,丹皮,12.0g,地骨皮,15.0g,白薇,10.0g,桂枝,12.0g,甘草,10.0g
生地,None,熟地,25.0g
黄芪,20.0g,党参,30.0g,白术,15.0g,当归,20.0g,陈皮,10.0g,升麻,10.0g,柴胡,10.0g,甘草,10.0g,半夏,15.0g,黄连,10.0g,白芍,15.0g,枳壳,10.0g,五味子,10.0g
黄芪,30.0g,党参,30.0g,白术,18.0g,当归,20.0g,陈皮,10.0g,升麻,10.0g,柴胡,10.0g,甘草,10.0g,半夏,15.0g,黄连,10.0g,麦冬,15.0g,五味子,10.0g,白芍,12.0g,麦芽,20.0g
龙胆草,10.0g,栀子,12.0g,柴胡,10.0g,黄芩,12.0g,川木通,12.0g,车前草,30.0g,生地,20.0g,当归,15.0g,钩藤,20.0g,草决明,15.0g,牡蛎,20.0g
桔梗,None,芦根,None,桔梗,None,石膏,50.0g,葛根,20.0g,蒲公英,30.0g,马勃,12.0g,胆南星,12.0g
龙胆草,1.0g,栀子,1.5g,黄芩,1.5g,柴胡,1.0g,川木通,1.0g,车前子,2.0g,泽泻,1.0g,生地,2.0g,当归,2.0g,郁金,1.5g,龙骨,2.0g,甘草,1.0g
龙胆草,2.0g,栀子,2.0g,黄芩,2.0g,柴胡,1.5g,川木通,1.0g,车前子,2.0g,生地,2.0g,当归,2.0g,白芍,2.0g,枳壳,2.0g,元胡,2.0g,生甘草,3.0g
酸枣仁,2.0g,川芎,1.5g,知母,1.0g,白芍,2.0g,赤芍,1.5g,丹参,1.5g,生地,2.0g,郁金,1.5g,合欢皮,2.0g,龙骨,2.0g,琥珀,0.3g,甘草,1.0g
桑叶,3.0g,菊花,1.5g,薄荷,1.5g,刺力,1.5g,生地,2.0g,白芍,2.0g,丹皮,1.5g,川芎,1.5g,石膏,3.0g,麦冬,1.5g,酸枣仁,2.0g
山萸肉,1.0g,山药,1.0g,生地,1.0g,茯苓,1.0g,泽泻,1.0g,丹皮,1.5g,川牛膝,1.0g,车前子,1.5g,知母,1.0g,黄柏,1.0g
琥珀,None,黄连,1.0g
北沙参,2.0g,麦冬,1.5g,生地,2.0g,白芍,2.0g,女贞子,1.5g,旱莲草,2.0g,牡蛎,2.0g,栀子,1.0g,薄荷,1.0g,酸枣仁,2.0g,甘草,0.5g
生地,2.0g,山萸肉,2.0g,山药,2.0g,丹皮,1.5g,茯苓,1.5g,黄柏,1.0g,知母,1.5g,杜仲,1.5g,菟丝子,1.5g,五味子,1.0g,桂枝,1.0g,当归,1.5g
黄连,1.5g,黄柏,1.5g,黄芩,1.5g,车前子,2.0g,蒲公英,2.0g,红藤,2.0g,炒地榆,1.5g,槐花,1.5g,荆芥,1.5g,侧柏叶,1.5g,丹皮,1.5g,甘草,1.0g
地肤子,15.0g,苍耳子,12.0g,苍术皮,20.0g,桑白皮,15.0g,茯苓皮,12.0g,姜皮,10.0g,白鲜皮,20.0g,当归,10.0g,川芎,15.0g,赤芍,20.0g,生地,20.0g,苦参,20.0g,蝉蜕,12.0g,皂角刺,12.0g,防风,10.0g,川羌,10.0g,丹皮,12.0g,甘草,10.0g
赤小豆,4两,五灵脂,1两,白胶香,1两,破故子,1两,狗脊,1两,木鳖子,1两,海桐皮,1两,威灵仙,1两,地龙,1两,草乌,None,净洗,1两
蝉蜕,49个,除去前,1截
土槿皮,40.0g,大风子,30.0g,黄精,30.0g,土茯苓,30.0g,川楝子,30.0g,白头翁,30.0g,龙胆草,20.0g,荆芥,20.0g,防风,20.0g,大黄,15.0g,白鲜皮,15.0g,红花,6.0g
防风,2两,细辛,1两半,五味子,1两半,小胡麻,2两,黄芩,1两,桔梗,1两,车前子,2两,知母,2两,人参,1两,玄参,1两
附子,None,猪脂,4两
磁石,30克,五味子,30克,丹皮,30克,干姜,30克,玄参,30克,附子,15克
鹿衔草,30.0g,地锦草,30.0g,仙鹤草,30.0g,破故子,15.0g,吴茱萸,6.0g,肉豆蔻,10.0g,黄芪,15.0g,党参,15.0g,白术,10.0g,木香,10.0g,五味子,6.0g,甘草,5.0g
龙骨,1两,乳香半皂子大,None,轻粉,0.5钱,铅粉,2钱,轻粉,0.5钱,麝香,None,樟脑,None,樟丹,None
苍术,0.0g,吴茱萸,0.0g,公丁香,0.0g,肉桂,0.0g,枳壳,0.0g,胡椒,0.0g,冰片,0.0g
黄连,None,黄柏,None,秦皮,None,甘草,None
半夏,9.0g,白术,15.0g,陈皮,12.0g,天麻,20.0g,茯苓,20.0g,甘草,6.0g
糠馏油,5g,氧化锌,50g,花生油,50g
地骨皮,1两,白芍,1两半,桑根白皮,1两半,白茅根,1两半,甘草,1两,柴胡,1两半,石膏,3两半
防风,12.0g,当归,15.0g,红花,12.0g,川芎,12.0g,木瓜,18.0g,白芷,6.0g,秦艽,18.0g,天南星,9.0g
怀熟地,3钱,山茱肉,2钱,肉桂,5分,附子,5分,丹皮,1钱,山药,2钱,川牛膝,1钱半,茯苓,1钱,泽泻,1钱
陈皮,2钱,半夏,2钱,茯苓,3钱,甘草,8分,人参,2钱,白术,1钱5分,竹茹,2钱,砂仁,8分,栀子,3钱,麦冬,1钱
白玉,1两半,白术,5两,泽泻,2两,苁蓉,2两,当归,5两
玄参心,9克,莲心,1.5克,竹叶,6克,连翘,6克,犀角尖,6克,连心麦冬,9克
青黛,6.0g,诃子,6.0g,瓜蒌仁,9.0g,炒山栀,9.0g,白芨,30.0g,白茅根,30.0g,三七,1.5g,阿胶,12.0g,茜草,12.0g,仙鹤草,9.0g
生螃蟹,1个,小者,3个
白研,0.5两,雄黄,1分,朱砂,1分
全蝎,10.0g,蜈蚣,2条,川芎,10.0g,细辛,5.0g,白芍,30.0g,元胡,10.0g,红花,10.0g,大黄,10.0g,牛膝,15.0g,甘草,6.0g
常山,None,大腹皮,None,茯苓,None,鳖甲,None,甘草,None
柴胡,10.0g,白芍,15.0g,枳壳,12.0g,元胡,15.0g,丹参,15.0g,川芎,15.0g,生地,20.0g,白术,15.0g,太子参,30.0g,生栀子,12.0g,甘草,6.0g
扁蓄,0.5两,雚芦,3两,雷丸,3两,青箱子,3两,女青,3两,桃仁,3两
苦参,62g,金银花,31g,黄柏,31g,蛇床子,15g
白晒参,20.0g,茯苓,15.0g,白术,15.0g,砂仁,10.0g,木香,12.0g,半夏,15.0g,陈皮,10.0g,当归,20.0g,黄芪,30.0g,黄连,3.0g,鸡内金,12.0g,麦芽,20.0g,甘草,6.0g
鲜芦根,30.0g,冬瓜子,12.0g,薏苡仁,12.0g,桃仁,4.5g,杏仁,4.5g,前胡,4.5g,白前,4.5g,苏子,3.0g,莱菔子,3.0g,木蝴蝶,3.0g,腥星,3.0g
威灵仙,15.0g,槲寄生,30.0g,川芎,20.0g,赤芍,20.0g,当归,20.0g,桂枝,15.0g,木香,15.0g,独活,15.0g,川牛膝,15.0g,川乌,15.0g,薏苡仁,30.0g,党参,30.0g,藿香,20.0g
茯苓,5分,猪苓,5分,泽泻,5分,白术,5分,滑石,1钱,栀子,1钱,甘草,2分,灯心草,30茎
杜仲,None,续断,None
当归,1两,芎?,1两,茯神,1两,远志,1两,阿胶,1两,鹿茸,None,酒蒸,1两,柏子仁,1两,香附,2两,续断,1两半,甘草,0.5两
海藻,15.0g,昆布,15.0g,海浮石,30.0g,忍冬藤,15.0g,水红花子,15.0g,冬瓜皮,30.0g
木香,6克,连翘,5克,黄连,9克,陈皮,9克,白术,9克,枳实,5克,山楂,5克,神曲,5克,麦芽,5克,砂仁,5克,莱菔子,5克
山大戟,1分,公丁香,1分,大黄,1分,不灰木,1分,甘遂,1分,朱砂,0.5两,水磨雄黄,0.5两,轻粉,1钱,水银,1钱,巴豆,None,不去油,10个
黄芪,3两,麦冬,3两,白芍,3两,黄芩,3两,人参,3两,甘草,3两,石膏,2两,当归,2两,半夏,4两,干姜,5两,生地,0.5斤,大枣,30枚,淡竹叶,2升
犀角,30克,羚羊粉,30克,石膏,30克,寒水石,30克,升麻,30克,玄参,60克,甘草,24克,沉香,15克,木香,15克
槟榔,1两,鹤虱,1两,肉桂,1两,吴茱萸,None,陈皮,None
三七,500.0g,人参,500.0g,鹿茸,250.0g,仙鹤草,2000.0g,白芨,2000.0g,海螵蛸,2000.0g,紫珠草,2000.0g,侧柏叶,2000.0g,地榆,2000.0g,旱莲草,2000.0g,白花蛇舌草,2000.0g,鸡内金,2000.0g,芦根,3000.0g,阿胶,1000.0g,川贝,1000.0g
花椒,1两,艾叶,2两,干姜,1两,白石脂,1两,芎?,1分,阿胶,1两,伏龙肝,1两,熟干地黄,2两
伏龙肝,None,滑石,None
茯苓,3克,白术,3克,车前子,3克,五味子,1.5克,乌梅,1枚,罂粟,4.5克
黄柏皮,None,黄连,None,白矾,None,白蛇皮,None
当归,1两,生地,1两,熟地,1两,刘寄奴,1两,合欢木皮,1两,男子黑发,1两,乳香,5钱,没药,5钱,血竭,5钱,蜂蜡,8钱,蜂蜡,8钱,龙骨,1钱
大黄,4分,黄芩,4分,甘草,3分,细辛,2分
鸡子,3枚,取黄,None
党参,2两,车前子,1两5钱,怀牛膝,2两,天冬,2两,石菖蒲,1两,炒远志,1两,当归,2两,五味子,1两,山萸肉,2两,山药,2两,覆盆子,1两5钱,杜仲,2两,巴戟天,2两,赤石脂,1两,地骨皮,1两5钱,广木香,2两,生地,2两,枸杞子,2两,花椒,1两,泽泻,1两5钱,菟丝子,4两,肉苁蓉,4两,熟地,2两,柏子仁,2两,茯苓,2两
黄芪,1400.0g,太子参,1200.0g,当归,1200.0g,泽泻,700.0g,丹参,2000.0g,鸡血藤,2000石,苇,1200.0g,陈皮,800.0g
寒水石,None,水飞,None
铜绿,3钱,滑石,1钱,土膏,0.5两,轻粉,None,麝香,None
黄柏,2钱,砂仁,1钱,甘草,5分,猪苓,2分,茯苓,2分,黄连,2分,白芷,2分,益智仁,2分,芡实,None
菊花,3分,羚羊粉,3分,蔓荆子,3分,玄参,0.5两,防风,1两半,白芍,1两半,黄芩,1两
竹茹,20.0g,干姜,10.0g,茯苓,16.0g,法夏,10.0g,陈皮,10.0g,生甘草,10.0g,生石决明,30.0g,蒺藜,10.0g,白菊花,12.0g
生犀角,1两,羚羊粉,0.5两,龟板,0.5两,天麻,0.5两,牛黄,1分,茯神,1分,远志,1分,真珠末,1分,人参,1分,肉桂,1分,天竺黄,1分,蛇蜕皮,1分,冰片,1分,铁粉,1两,麝香,0.5两,石菖蒲,0.5两,朱砂,0.5分,金箔,50片,银箔,50片
柴胡,2两,黄芩,1两,赤芍,1两,半夏,None,枳实,1两,槟榔,1两,白术,1两,赤苓,1两
鲜,None,豨莶草,20.0g
当归,3两,甘草,3两
细面,None,百草霜,None
金银花,1两,薄荷,1两,细辛,5钱,枳壳,5钱,川贝,2两
熟军,10.0g,麦冬,15.0g
黄柏,2两,黄连,0.5斤
桃仁,60.0g,栀子,180.0g
陈皮,None,干姜,None,神曲,None
石膏,24克,栀子,9克,人参,9克,茯苓,9克,知母,9克,生地,30克,淡竹叶,30克
生甘草,0.0g,金银花,0.0g,冰片,0.0g,雄黄,0.0g,朱砂,0.0g,滑石,0.0g
生地,15.0g,金银花,15.0g,川芎,6.0g,赤芍,12.0g,小胡麻,12.0g,生芪,12.0g,当归,12.0g,防风,5.0g,紫草,10.0g,党参,10.0g
熟地,30.0g,白芍,30.0g,甜当归,30.0g,川芎,30.0g,党参,60.0g,白术,20.0g,黄芪,30.0g,山药,30.0g,山萸肉,30.0g,枸杞子,30.0g,桂枝,15.0g,杜仲,24.0g,牛膝,24.0g,怀牛膝,24.0g,蕲蛇,1条,骨碎补,15.0g,狗脊,15.0g,木瓜,15.0g
公丁香,3分,肉豆蔻,3分,当归,3分,白术,3分,砂仁,3分,人参,3分,厚朴,None,涂生姜汁,3分,陈皮,None,甘草,0.5两
当归,None,白术,None,地骨皮,None,白芍,None,丹皮,None,北沙参,None,黄芪,None,陈皮,None,甘草,None
麻黄,4两,干姜,4两,细辛,5两,黄芩,5两,茯苓,5两,白芍,5两,白术,2两,肉桂,1两,生地,1升
百部,0.5两,款冬花,0.5两,天冬,0.5两,川贝,0.5两,桔梗,0.5两,紫菀,0.5两
胆子矾,1分,干蟾,1分
人参,None,白术,None,干姜,None,甘草,None,花椒,None,乌梅,None
川羌,1钱,防风,1钱,人参,1钱,川芎,5分,葛根,5分,升麻,5分,甘草,5分,白芍,3分,荆芥,3分
麻黄,12.0g,杏仁,12.0g,荆芥,12.0g,百部,12.0g,紫菀,12.0g,桔梗,12.0g,白前,12.0g,半夏,12.0g,细辛,3.0g,僵蚕,10.0g,芦根,30.0g,甘草,6.0g
草蔻,0.5两,青皮,0.5两,人参,1两,肉桂,0.5两,附子,3分,茯苓,3分,白术,0.5两,当归,0.5两,枳实,0.5两,厚朴,1两半,涂生姜汁,None,川芎,0.5两,柴胡,0.5两,桔梗,1两,白芍,0.5两,黄芪,0.5两
槟榔,15克,木香,15克,当归,15克,母丁香,3克,肉桂,3克,冰片,3克,猪苓,30克
鹿角胶,4两,漏篮子,4两,萆薢,4两,肉苁蓉,4两,熟地,8两,石斛,1斤,续断,4两,破故子,4两,拌胡桃肉蒸,None,龟板,4两,茯苓,4两,山萸肉,4两,山药,4两,天冬,3两,巴戟天,3两,沉香,5钱,枸杞子,6两
防风,8分,白鲜皮,8分,赤芍,8分,连翘,8分,黄芩,8分,牛蒡子,1钱,金银花,3分,栀子,5分,当归,5分,荆芥,4分,槐花,4分,僵蚕,2分,甘草,2分
白术,1两,木香,0.5两,青皮,0.5两,神曲,1两,麦糵,1两,人参,1两,赤苓,1两,甘草,0.5两,槟榔,0.5两
石菖蒲,1两,天花粉,1两,黄连,0.5两
马钱子,2两,川乌,2两,土元,2两,鹿角,2两,穿山甲,1两6钱,天麻,1两,草乌,1两,川芎,1两,升麻,1两,当归尾,1两,闹羊花,1两,生香附,1两,僵蚕,1两,蜈蚣,4钱,斑蝥,4钱
当归,2.0g,川芎,1.5g,白芍,2.0g,熟地,2.0g,阿胶,1.0g,元胡,1.5g,蒲黄,1.5g,桂枝,1.5g,香附,1.5g,乌药,1.0g,大枣,1.5g,甘草,1.0g
连翘,1斤,瞿麦穗,0.5斤
附子,10.0g,黄芩,10.0g,黄连,10.0g,罂粟壳,10.0g,赤石脂,12.0g,枯矾,5.0g
小茴香,1两,川楝子,1两,石茱萸,1两,马蔺花,1两,陈皮,1两,芫花,0.5两
苍术,500克,熟干地黄,120克,天冬,240克,茯苓,120克,何首乌,120克,地骨皮,120克
钟乳石,1钱半,井水石,3钱,朱砂,0.5钱
茯苓,4.5克,麦冬,7.5克,黄芩,3克,人参,3克,竹叶,5片,粳米,1撮
柴胡,10.0g,白芍,20.0g,枳壳,12.0g,牡蛎,20.0g,元胡,15.0g,川楝子,15.0g,黄连,10.0g,吴茱萸,3.0g,木香,15.0g,薄荷,10.0g,白术,15.0g,明参,30.0g,甘草,6.0g
麻黄,45克,葛根,30克,白术,30克,甘草,30克,桔梗,30克,人参,30克,干姜,15克,白芷,30克
天麻,15.0g,天南星,10.0g,白附子,10.0g,白芷,10.0g,防风,10.0g,川羌,10.0g
黄芪,1两,半夏,0.5两,陈皮,3分,人参,3分,肉桂,0.5两,赤苓,3分,枳壳,3分,白术,3分,甘草,1分,诃黎勒皮,3分,芎?,0.5两
雪梨汁,60个,藕汁,2升,鲜生地黄汁,2升,麦门冬汁,1升,萝卜汁,1升,茅根汁,2升
杜仲,6分,蛇床子,6分,五味子,6分,生地,6分,木防已,5分,菟丝子,10分,苁蓉,8分,巴戟天,7分,远志,8分
丹参,1两,丹皮,1两,当归,3两,生地,2两,熟地,4两,桔梗,1两,生白芍,2两,天冬,2两,麦冬,2两,元胡,2两,川木通,1两,红花,2两,生阿胶,5钱,酸枣仁,5钱,远志,5钱,川楝子,4钱,陈皮,8钱,乌药,8钱,炒稻芽,1两,泽兰,3两,茯苓,2两,莲子,4两,龙胆草,2两,广木香,8钱,蝉蜕,1两,草蔻,5钱,香附,4两,枳壳,1两,生于术,8钱,青皮,1两5钱,厚朴,2两,炒益智仁,1两
黑豆,1合,附子,1两,干姜,1两,与豆同炒,None
附子,0.5两,花椒,0.5两,槟榔,0.5两,陈皮,1两,黑丑,1两,五味子,1两,石菖蒲,1两,干姜,1两
白术,4两,陈皮,2两,茯苓,2两,甘草,2两,附子,1两,干姜,0.5两
金铃,40个,小茴香,None,三棱,None,荗,None,枳壳,None,陈皮,None,百部,1分,木香,0.5分
绿炉甘石,None,海螵蛸,None
茯苓,15两,母丁香,8钱,香薷,8两,甘草,8两,藿香,8两,檀香,8两,木瓜,1两,苏叶,1两
山药,None,芡实,None,莲子,None,茯苓,None
半夏,10.0g,黄连,6.0g,黄芩,10.0g,党参,10.0g,干姜,10.0g,甘草,6.0g
黄芪,1两,当归,5钱,人参,5钱,附子,1钱,白芍,5钱,玉竹,1两,白术,5钱,熟地,5钱,天花粉,2钱,秦艽,3钱,川羌,1钱
干漆,30克,公丁香,30克,青皮,180克,三棱,180克,蓬茂,250克
土槿皮,9克,吴茱萸,9克,洋庄,9克,硫黄,9克,红信石,9克,斑蝥,9克,番八仁,9克,白矾,9克,花椒,9克,细辛,9克,海桐皮,9克,槟榔,9克,胆矾,9克,煅皂矾,9克,皮消,9克,巴豆仁,9克,蛇床子,9克,烟胶,9克,雄黄,9克,桃丹,9克
人参,15克,茯苓,15克,茯神,15克,柏子仁,15克,琥珀,15克,当归,15克,酸枣仁,15克,远志,15克,新布裹,15克,乳香,7.5克,朱砂,7.5克,石菖蒲,7.5克
鳖甲,1两,人参,3分,枳壳,3分,紫菀,3分,柴胡,1两,露蜂房,0.5两,槟榔,0.5两,桔梗,0.5两,五味子,0.5两,杏仁,0.5两,尖双仁,None,赤苓,0.5两,甘草,0.5两
木香,3克,全蝎,1.5克,天麻,3克,人参,0.3克,茯苓,3克,白术,3克,甘草,3克,僵蚕,3克,白附子,3克
桂枝,1.5g,茯苓,1.5g,赤芍,1.5g,桃仁,1.5g,当归,1.5g,香附,2.0g,益母草,2.0g,薏苡仁,2.0g,莪术,1.5g,蒲黄,1.5g,生地,2.0g,元胡,1.5g,川楝子,1.5g
槟榔,1两,防风,1两,防己,1两,肉桂,1两,麻黄,2两,陈皮,None,杏仁,0.5两,秦艽,0.5两,附子,0.5两,葛根,2两,甘草,1两半
龙骨,1两,韭菜子,3分,赤石脂,1两,黄芪,1两,桑螵蛸,1两,远志,3分,茯神,1两,麦冬,1两半,熟干地黄,1两
壁虎,1枚,熊胆,1钱,麝香,0.5钱,黄连,1钱
陈皮,None,新罗拣参,None,半夏,None,次令软,None,每个切,4片,姜汁浸,None,枳实,None,桔梗,None,天南星,None,湿纸包,None,灰火煨香熟,None
川芎,1钱,白芷,1钱,防风,1钱,赤芍,1钱,生地,1钱,当归,1钱2分,川羌,1钱2分,天花粉,1钱2分,陈皮,1钱,桔梗,1钱,黄荆子,1钱2分
厚朴,2两,干姜,2两,阿胶,2两,黄连,5两,石榴皮,3两,艾叶,3两
当归,1.5g,白芍,2.0g,川芎,1.5g,生地,2.0g,桃仁,1.5g,红花,1.0g,丹参,2.0g,钩藤,1.5g,夏枯草,2.0g,牡蛎,2.0g,地龙,1.5g
柴胡,1钱,白芍,3钱,甘草,1钱,枳壳,5分,薄荷,1钱,茯神,3钱,丹皮,2钱,当归,3钱
当归,1.5g,川芎,1.5g,白芍,1.5g,乳香,1.0g,没药,1.0g,姜黄,1.0g,川羌,1.0g,防风,1.5g,桑枝,3.0g,蒲公英,2.0g,络石藤,2.0g,甘草,1.0g
党参,3.0g,陈皮,1.5g,当归,3.0g
生地,20.0g,麦冬,20.0g,侧柏炭,15.0g,白茅根,15.0g,大蓟,15.0g,小蓟,15.0g,黄芩,15.0g,栀子,15.0g,大黄,10石
青黛,1钱,全蝎,5个,朱砂,0.5钱,麝香,1字,樟脑,1字,白附,0.5钱,水银,0.5钱,僵蚕半字,None,蝉蜕,7个,铁华粉,None
蚂蚁,50.0g,人参,1.0g,黄芪,7.5g,当归,4.0g,鸡血藤,7.5g,淫羊藿,5.0g,薏苡仁,20.0g,巴戟天,5.0g,丹参,7.5g,川乌,2.5g,威灵仙,5.0g,蜈蚣,2.5g,牛膝,2.5g
蒺藜,0.5两,防风,0.5两,甘草,0.5两,木贼,0.5两,栀子,0.5两,草决明,1两,青葙子,1分,蝉蜕,1分
桑枝,30.0g,川芎,20.0g,川乌,15.0g,草乌,15.0g,地龙,15.0g,防风,20.0g,牛膝,15.0g,川羌,20.0g,透骨草,30.0g,当归,20.0g,黄芪,50.0g
人参,30.0g,五味子,15.0g,麦冬,15.0g,黄芪,30.0g,白术,15.0g,茯苓,12.0g,黄连,10.0g,木香,12.0g,白芍,15.0g,丹参,15.0g,谷芽,20.0g,甘草,6.0g
半夏,3分,麦冬,3分,赤苓,3分,白术,3分,桔梗,3分,青皮,3分,前胡,3分,厚朴,0.5两,枇杷叶,0.5两,防风,0.5两,大腹皮,3分
仙茅,None,陈皮,1钱,枳壳,1钱,厚朴,1钱,肉桂,1钱,秦艽,1钱,当归,1钱半,茯苓,1钱半,白芍,1钱半,白芷,1钱半,川芎,1钱半,半夏曲,1钱半,麻黄,2钱半,没药,0.5两,甘草,0.5两,川乌,0.5两,白姜,2钱,乳香,2钱,独活,2钱,全蝎,7枚,麝香,0.5钱
黄连,1.5g,麦冬,1.5g,生地,2.0g,枳壳,1.5g,连翘,2.0g,五味子,1.0g,赤芍,1.5g,丹参,2.0g,甘草,0.5g
雄黄,6个,巴豆,15个,全蝎,15个
桔梗,1两,知母,1两,柴胡,1两,杏仁,1两,尖双仁,None,人参,1两,鳖甲,1两,郁李仁,1两,赤苓,1两,白前,1两,槟榔,0.5两,半夏,1两,陈皮,0.5两
生山楂肉,45.0g,红塘,30.0g
大黄,None,桃仁,None,鸡屎,None
山萸肉,1.5g,熟地,1.5g,山药,1.5g,丹皮,1.0g,茯神,1.5g,枸杞子,1.5g,鹿角胶,1.0g,菟丝子,1.5g,酸枣仁,2.0g,牡蛎,2.0g,黄柏,1.0g
党参,30.0g,苍术,20.0g,茯苓,20.0g,半夏,18.0g,陈皮,12.0g,当归,20.0g,黄芪,30.0g,白豆蔻,10.0g,木香,15.0g,柴胡,12.0g,白芍,15.0g,藿香,30.0g,木瓜,15.0g,桂枝,12.0g,草果,6.0g
牛膝,None,酒浸,None,当归,None,酒浸,None,菟丝子,None,酒浸,None,地骨皮,None,远志,None,石菖蒲,9节,绵黄耆,None,熟干地黄,None
生地,5钱,龟板,3钱,当归,3钱,白芍,1钱5分,石斛,1钱,丹皮,1钱,菊花,1钱,夏枯草,1钱,羚羊粉,None
抱过鸡卵壳,None,黄连,None,轻粉,None
附子,1两,干姜,1两,花椒,1两,硫黄,1分,猪肾,2对,切细,None
人参,0.0g,黄芪,0.0g,白术,0.0g,干姜,0.0g,破故子,0.0g,当归,0.0g,元胡,0.0g,木香,0.0g,白芍,0.0g,儿茶,0.0g,赤石脂,0.0g,甘草,0.0g
当归,15克,熟地,15克,桂圆肉,6克,白芍,9克,丹参,9克,鸡血藤,15克
麻黄,None,甘草,None,石膏,None,黄芩,None,滑石,None,苍术,None,川芎,None,川羌,None,细辛,None
生地,2.0g,北沙参,2.0g,麦冬,1.5g,白芍,2.0g,金银花,2.0g,连翘,2.0g,玄参,1.5g,柴胡,1.0g,枳壳,1.5g,甘草,1.0g
甘草,3钱,大蚕豆,30粒
炒柴胡,10.0g,炒杭芍,15g,茯苓,15.0g,炒橘核,15.0g,炒荔枝核,15.0g,当归,12.0g,白术,12.0g,香附,12.0g,元胡,12.0g,丹参,30.0g,甘草,3.0g
秦艽,2.0g,海风藤,2.0g,白芍,1.5g,川芎,1.5g,赤芍,1.5g,乳香,1.0g,葛根,2.0g,麦冬,1.5g,石膏,2.0g,黄连,1.0g,甘草,1.0g
龙骨,0.0g,牡蛎,0.0g,白芍,0.0g,白芨,0.0g,白芷,0.0g,枳壳,0.0g,黄芪,0.0g,当归,0.0g,桂圆肉,0.0g,百合,0.0g,甘草,0.0g
陈干香橼,1个,砂仁,None
生黄芪,20.0g,党参,10.0g,泽泻,10.0g,薏苡仁,30.0g,水红花子,10.0g,连翘,20.0g,黄柏,20.0g,蝉蜕,10.0g,防风,10.0g,丹皮,10.0g,益母草,15.0g,茯苓,20.0g,当归,10.0g
葛根,0.0g,黄连,0.0g,黄芩,0.0g,大青叶,0.0g,板蓝根,0.0g,甘草,0.0g
猪苓,2钱,泽泻,2钱,香薷,1钱,葛根,2钱,赤苓,3钱
冰片,3钱,麝香,2钱,轻粉,0.5钱,轻粉,3钱,雄黄,0.5钱,乳香,1钱,雌黄,0.5钱,巴豆,14个
小胡麻,2两,防风,1两,川芎,1两,桔梗,1两,知母,1两,藁本,1两1分,白芷,3分,人参,1两
薄荷,1钱,儿茶,8分,珍珠,2分,朱砂,1钱,甘草,2分,牛黄,1分,冰片,1分,白灵丹,1钱
川羌,None,防风,None,甘草,None,贯众,None,香附,None,荆芥,None,藿香,None,川芎,None,寄奴,None,金银花,None
白头翁,12.0g,苦参,12.0g,丹参,10.0g,赤勺,10.0g,白芍,10.0g
黄芪,30克,枳壳,30克,威灵仙,60克
款冬花,1两,紫菀,1两
炉甘石,None,选洁白者,None,尤以纸包石,None,用醋坛头上泥入桶内,None,以童便浸透炼熟,None,少少糊在纸外,None,又以火消末滚在泥球上,None,外再以厚泥包圆,None,大约炉甘石,1斤,可分作,4-5个,球,None,炉甘石,None,用火消,1两,滚这,4-5个,球为度,None,球成晒干,None,如有缝以泥补之,None,另以砖砌,None,大炉,None,架火将球放炭火上炼,None,天,None,申刻火将完,None,可将球取起,None,翻转入炉,None,添火加炭,None,过夜不必守之,None,随炉中炭火化完为度,None,炉可炼炉甘石,2-3斤,每炉甘石,4两,用川黄连,5钱,龙胆草,5钱,河水,5碗,煎数沸去滓,None,滤净清,None,将炉甘石煅红,None,倾入药汁内,None,取起又煅又淬,None,以汁尽为度,None,药水内落下炉甘石,None,再炖干药水,None,俱取入炉甘石内为妙,None,每料只用制炉石,3钱,熊胆,5分,冰片,2分5厘,白硼砂,3分,麝香,5厘,朱砂,3分,活乌鸦翎,2寸2分
地黄汁,6合,黄明胶,1两,干姜,1块,如大拇指,None
鳖甲,None,炙令黄色,1两,虎头骨,3分,乌梅,3分,麦冬,1两,淡豆豉,1两,石膏,3分,常山,1两,白薇,0.5两,玉竹,0.5两,升麻,3分,人参,1两1分,知母,3分,地骨皮,0.5两
绿色炉甘石,1分,真蚌粉,0.5分
桂枝,12.0g,白芍,12.0g,干姜,10.0g,大枣,12.0g,甘草,6.0g,茵陈蒿,20.0g,陈皮,10.0g,薏苡仁,20.0g,胡连,10.0g,牡蛎,20.0g
煅乌贼骨,15克,茜草炭,15克,地榆,15克,继木,15克,蒲黄,10克,槐花,50克,荠菜,50克,马齿苋,50克,甘草,5克
密陀僧,120克,桑白皮,120克,龙骨,120克,陈石灰,60克,樟丹,15克,麝香,3克
草果,2钱,三棱,1钱,砂仁,2钱,槟榔,2钱,黑牵牛,1钱,青皮,2钱,巴豆,1钱
生干地黄,1两,白术,1两,白芍,1两,赤苓,1两,桑根白皮,2两,甘草,0.5两,赤小豆,5合,黄芪,2两,商陆根,2两
虎头骨,2两,朱砂,1两,雄黄,1两,雌黄,1两,鬼臼,1两,皂角,1两,鬼箭羽,1两,芜荑,1两,藜芦,1两
马齿苋,None,葛根,18.0g,白头翁,20.0g
党参,20.0g,茯苓,12.0g,白术,12.0g,砂仁,10.0g,陈皮,10.0g,半夏,12.0g,薏苡仁,20.0g,桔梗,12.0g,杏仁,10.0g,桂枝,12.0g,黄芩,10.0g,藿梗,20.0g,谷芽,20.0g,甘草,6.0g
寒水石,2两,羊桃根,1两,火硝,1两,木香,0.5两,白蔹,0.5两,公丁香,0.5两,榆皮,0.5两,赤小豆,1合,防己,0.5两,大黄,1两
黄芪,None,桂枝,None,陈皮,None,茯苓,None,姜黄,1.0g,天麻,1.5g,全蝎,0.5g,藁本,1.5g
枇杷叶,1两,槟榔,1两,赤苓,1两,高良姜,0.5两,陈皮,1两,前胡,1两,细辛,3分,甘草,0.5两
党参,15.0g,麦冬,30.0g,五味子,12.0g,柏子仁,12.0g,丹参,30.0g,紫贝齿,9.0g,远志,9.0g,红花,9.0g
黄芪,20克,海藻,20克,枸杞子,10克,党参,15克,丹参,15克,菟丝子,10克,怀牛膝,10克,泽泻,10克,白花蛇舌草,30克,半枝莲,30克,王不留行子,12克,甘草,5克
党参,30.0g,白术,15.0g,砂仁,12.0g,木香,12.0g,当归,20.0g,川芎,15.0g,白芍,15.0g,桂枝,15.0g,防风,12.0g,鸡血藤,20.0g,槲寄生,20.0g,伸筋草,15.0g,伸筋草,15.0g,黄芪,20.0g,甘草,6.0g
白芍,1两,肉桂,1两,黄芪,1两,附子,1两,五味子,1两,干姜,1两,人参,1两,鹿茸,1两,茯苓,1两,川芎,1两,半夏,1两,当归,1两,陈皮,1两,甘草,0.5两
金银花,20.0g,生杭芍,15.0g,甘草,6.0g,三七末,3.0g,鸦胆子,10粒
苦参,3斤,川羌,4两,独活,4两,白芷,4两,白蔹,4两,蒺藜,4两,天花粉,4两,何首乌,4两,皂角刺,0.5斤,当归,0.5斤
空青,3两,羚羊粉,1两半,草决明,1两半,茯神,1两半,枳壳,1两半,大黄,1两半,青葙子,1两半,地肤子,1两半,龙胆草,1两半,车前子,1两半,黄连,1两半
白芨,30.0g,生甘草,30.0g,三七粉,15.0g,陈皮,15.0g,生白术,10.0g
黄芪,1钱,人参,1钱,甘草,1钱,白术,5分,肉桂,5分
党参,20.0g,黄芪,20.0g,仙鹤草,20.0g,桃仁,10.0g,当归,10.0g,炒蒲黄,10.0g,五灵脂,10.0g,山楂炭,10.0g,益母草,15.0g,川芎,6.0g,甘草,6.0g
甘草,None,当归,None,麦冬,12.0g,建曲,15.0g
当归,2-3钱,熟地,3钱,枸杞子,2钱,甘草,1钱,杜仲,1钱半,牛膝,1钱半,肉桂,1-2钱,肉苁蓉,3钱
人参,None,白术,None,甘草,None,干姜,None,陈皮,None,藿香,None,厚朴,None,干姜,5片
黄芪,30.0g,当归,10.0g,川芎,10.0g,赤芍,10.0g,桃仁,10.0g,红花,10.0g,地龙,10.0g,葛根,10.0g
人参,1两,茯苓,1两,甘草,1两,陈皮,1两,白术,1两,藿香,1两,厚朴,2两,半夏,1两
瓜蒌,20.0g,薤白,10.0g,白酒枳实,10.0g,附子,10.0g,桂枝,10.0g,丹参,30.0g,檀香,3.0g
生地,24.0g,天麻,10.0g,杭菊花,10石,决明,30.0g,夏枯草,30.0g,沙苑子,0.0g,牛膝,15.0g,钩藤,15.0g,甘草,8.0g
黑豆,2合,甘草,2寸
陈皮,1钱,苍术,8分,茯苓,1钱,甘草,2分,白术,4分,枳壳,7分,枳实,3分,桔梗,5钱,紫苏,3分,薄荷,2钱,香附,7分,石菖蒲,1钱,荆芥,6分,川木通,4分,川芎,1钱,麦冬,5分
麻黄,4.0g,杏仁,10.0g,滑石,10.0g,生地,15.0g,熟地,15.0g,桑白皮,15石,黄芩,25.0g,百合,30.0g,代赭石,20.0g,大黄,5.0g,革草,6.0g
丹皮,15.0g,炒山桅,10.0g,柴胡,10.0g,当归,12.0g,白芍,12.0g,白术,9.0g,茯苓,9.0g,薄荷,6.0g,丹参,15.0g,益母草,30.0g,蝉蜕,10.0g,甘草,6.0g
党参,15.0g,黄芪,30.0g,白术,12.0g,茯苓,15.0g,薏苡仁,15.0g,谷躯,10.0g,白扁豆,10.0g,桔梗,10.0g,白芷,10.0g,山药,10.0g,鱼腥草,20.0g
杏仁,22.5克,<汤浸,None,秦皮,15克,细辛,15克,白芷,15克,黄柏,22.5克,当归,15克
附子,1只,沉香与附子,None,人参,5钱,半夏,2钱,天南星,1钱
琥珀,0.5两,犀角,0.5两,茯神,1两,人参,1两,生干地黄,1两,石菖蒲,1两,防风,1两,远志,0.5两,甘草,0.5两
栀子,10.0g,莪术,10.0g,柴胡,10.0g,艾叶,10.0g,白芍,10.0g,白术,12.0g,酸枣仁,12.0g,当归,10.0g,丹参,10.0g,茯苓,18.0g,夜交藤,None,珍,None
海螵蛸,50.0g,川贝,50.0g,生白芍,50.0g,生甘草,50.0g,乳香,30.0g,没工,None,参,None,七粉,30.0g
生黄芪,60.0g,当归,9.0g,赤芍,12.0g,地龙,15.0g,桃仁,9.0g,红花,6.0g,川芎,9.0g
威灵仙,3克,桑枝,9克,当归,6克,秦艽,15克,蚕沙,9克,豨莶草,4.5克,甘草节,2.4克,苦参,3克,苍术,3克,薏苡仁,9克,大胡麻,3克,五加皮,4.5克,川牛膝,4.5克,续断,4.5克
高良姜,15克,粳米,90克
僵蚕,10.0g,郁金,10.0g,赤勺,10.0g,川芎,10.0g,防风,10.0g,川羌,10.0g,半夏,10.0g,白芥子,10石,石菖蒲,10.0g,制胆南星,10.0g,全蝎,3.0g,蜈蚣,0.0g,地龙,15.0g,秦艽,9.0g
牛黄,3分,冰片,2分,硼砂,2钱,甘草,5分,黄连,1钱,黄柏,1钱,青黛,1钱,青鱼胆,2个,如无鱼胆,None
牛蒡子,15克,甘草,15克,荆芥,15克,防风,15克,犀角,0.6克,金银花,0.9克
槟榔,1钱,沉香,1钱,肉桂,1钱,广木香,1钱,大腹皮,1钱5分,青皮,1钱5分,香附,1钱5分,小茴香,1钱5分
赤芍,0.5两,白芍,0.5两,当归,1两,甘草,1两,大黄,1两,木鳖子,1两
黑丑,None,香附,None,石燕,None,酒浸,None,巴豆,7粒
白术,2两,山楂,1两半,神曲,1两半,白芍,5钱,半夏,5钱,黄芩,5钱
砂仁,120克,乌梅,120克,草果,120克,甘草,120克,葛根,60克,白扁豆,60克
葛根,None,前胡,None,防风,None,甘草,None
没药,2钱,乳香,2钱,轻粉儿茶,1钱,龙骨,1钱,铅粉,1钱,血竭,1钱,冰片,1分,珍珠,2粒,百草霜,2钱
木香,1.5g,黄连,1.5g,黄芩,1.5g,苍术,1.5g,茯苓,1.5g,葛根,1.5g,神曲,1.5g,党参,2.0g,藿香,2.0g,甘草,1.0g
地骨皮,0.5两,小麦,10粒,麻子,10粒,绯帛方,5寸,曲头棘刺,2-7枚,半夏,7枚,乱发,1团,如鸡子,None
雄黄,2钱,川乌,2钱,草乌,2钱,白矾,3钱,胆南星,3钱,白信石,1钱
麻黄,12.0g,杏仁,15.0g,前胡,20.0g,半夏,12.0g,茯苓,12.0g,陈皮,10.0g,紫菀,12.0g,百部,12.0g,白前根,12.0g,荆芥,10.0g,桑白皮,30.0g,黄芩,12.0g,甘草,6.0g
公丁香,9枚,干姜,1片
牛胆星,1两,腊月粉南星,None,亲手修台风干,None,隔,None,年用,None,牛胆,None,须入,None,大陈半夏,0.5两,粉白南星,1两,用腊雪水浸,None,枯白矾,2钱半
鹿茸,1两2钱,鹿鞭,2具,海马,8具,虎骨,1两,狗肾,6具,熟地,8钱,肉桂,1两,山药,1两2钱,当归,1两6钱,杜仲炭,1两2钱,白术,1两2钱,牛膝,1两2钱,枸杞子,1两2钱,五味子,1两2钱,茯苓,1两2钱,党参,3两,破故子,2两,菟丝子,2两,核桃肉,2两,小茴香,2两,沙苑子,2两,附子,8两,苁蓉,8两,巴戟天,8两,龙骨,1两,母丁香,3两,黄芪,2两,山萸肉,1两2钱,甘草,1两
当归,2.0g,白芍,2.0g,熟地,2.0g,川芎,2.0g,桃仁,1.5g,红花,1.0g,黄芪,2.0g,地龙,2.0g
附子,1枚,鲫鱼,1个
肉桂,None,黄明胶,None,马屁勃,None,独核肥皂,None
制白附子,10.0g,天南星,10.0g,制半夏,10.0g,地龙,10.0g,僵蚕,10.0g,陈皮,12.0g
生地,15克,当归,30克,白芍,30克,陈皮,30克,苍术,30克,吴茱萸,15克,黄芩,15克,牛膝,30克,桂枝,6克,槟榔,3个
干姜,None,鸡蛋清,None
半夏,0.5两,麦冬,1两,甘草,4钱,人参,4钱,竹叶,5片,熟附,None
狗脊,1分,吴茱萸,None,陈皮,3分,芜荑,3分,槟榔,1两半
牛黄,30克,天南星,23克,甘草,300克,紫石英,150克,麝香,150克,冰片,150克,牙消,600克,寒水石粉,600克,石膏,600克
白头翁,20.0g,黄连,10.0g,黄柏,10.0g,秦皮,12.0g,白芍,15.0g,木香,15.0g,槟榔,15.0g,当归,18.0g,半夏,15.0g,陈皮,12.0g,桂枝,10.0g,甘草,6.0g
轻粉,3钱,樟丹,0.5两,铅粉,0.5两,硇砂,0.5两,轻粉,2钱,京三棱末,1两,白面,5钱
川羌,None,五加皮,None,苍术,None,桂技,None,川木通,None,防风,None,猪苓,None,桑白皮,None,甘草,None,姜皮,None,灯心草,None
川乌,15克,草乌,15克,生地,15克,白蔹,15克,白芨,15克,象皮,15克,肉桂,15克,白芷,15克,当归,15克,赤芍,15克,川羌,15克,苦参,15克,木鳖子,15克,穿山甲,15克,乌药,15克,甘草,15克,独活,15克,玄参,15克,铅粉,15克,大黄,15克
水银,1两,干水蛭,7枚
胆矾,2钱,皂角,1钱,硼砂,2钱,白矾,1钱,海浮石,3钱,杏仁,3钱,朴消,1钱,瓜蒌,3钱,郁金,2钱,雄黄,1钱,乌梅,1钱,僵蚕,2钱
麝香,15克,秦艽,120克,独活,60克,白术,60克,槟榔,60克
石膏,4两5钱,淡黄丹,4钱,乳香,4钱5分,没药,5钱,龙骨,1两,大黄,1两
川芎,1两,苏木,1两,丹皮,1两,蒲黄,1两,乳香,1两,没药,1两,草乌,1两,血竭,1两,乌药,1两,石菖蒲,1两,黄芩,1两,益母草,4两,生地,4两,龟板,4两,熟地,4两,夏枯草,4两,枸杞子,4两,当归,4两,阿胶,2两,苦参,2两,苁蓉,2两,知母,1两5钱,地骨皮,1两5钱,人参,1两5钱,琐阳,5钱,牛膝,3两,银柴胡,3两,藁本,3两,升麻,3两,桃仁,1两5钱,白芍,1两5钱,柴胡,1两5钱,红花,1两5钱
川芎,1钱,当归,1钱,白芍,1钱,生地,1钱,黄芩,1钱,黄连,1钱,栀子,1钱,川木通,1钱,柴胡,1钱,茵陈蒿,1钱,龙胆草,1钱,知母,1钱,麦冬,1钱,甘草,5分,大黄,2钱
没药,7.5g,桂枝,10.8g,威灵仙,12.0g,独活,19.2g,川羌,16.8g,苍术,12.0g,丹参,9.0g,女贞子,13.2g,天麻,7.5g
芡实,30克,白术,12克,茯苓,12克,山药,15克,菟丝子,24克,金樱子,24克,黄精,24克,百合,18克,枇杷叶,9克,党参,9克
芦根,1两,赤苓,1两,麦冬,1两,人参,0.5两,黄芩,3分,桑根白皮,3分,甘草,0.5两
芦根,1两,茵陈蒿,0.5两,山栀子,0.5两,黄芩,0.5两,甘草,0.5两
白芨,2钱,胡椒,2钱
桃仁,10.0g,红花,6.0g,丹参,20.0g,虎仗,30.0g,半枝莲,30.0g,滑石,10.0g,琥珀,10.0g,川牛膝,15.0g
生地,2钱,黄芩,1钱,白芍,1钱5分,柴胡,1钱5分,丹皮,1钱,甘草,1钱,或加地骨皮,2钱
生地,1两,川木通,1两,黄芩,0.5两,甘草,0.5两
菊花,1两,石膏,1两,芎?,0.5两,甘草,1两
枳实,1两,神曲,1两,黄芩,1两,白术,1两,莱菔子,5钱,红花,3分
桂枝,3钱,白芍,3钱,生地,3钱,阿胶,3钱,当归,3钱,甘草,2钱
破故子,120克,肉豆蔻,60克,五味子,60克,吴茱萸,30克,干姜,None,大枣,None
当归,1.5克,独活,1.5克,蔓荆子,2.1克,防风,3克,甘草,3克,升麻,3克,藁本,3克,柴胡,4.5克,川羌,4.5克,苍术,4.5克,黄芪,4.5克
干姜,15克,肉桂,15克,木香,15克,沉香,15克,当归,15克,甘草,15克,白豆蔻,15克,茯苓,15克,青皮,15克,白芍,30克,干木瓜,15克,姜黄,15克
五灵脂,None,蒲黄,None,元胡,None
桔梗,1钱,大腹皮,1钱,紫苏,1钱,茯苓,1钱,厚朴,1钱,甘草,5分,藿香,1钱5分
消煅礞石,5钱,天竺黄,6钱,麝香,2分,煨明天麻,3钱,辰州朱砂,3钱,蛇含石,5钱,胆南星,4钱,半夏,8钱
净朴消,120克,鲜莱菔,2.5千克
熟地,0.0g,枸杞子,0.0g,当归,0.0g,白芍,0.0g,山萸肉,0.0g,北沙参,0.0g,麦冬,0.0g,五味子,0.0g,川楝子,0.0g,女贞子,0.0g
陈皮,3克,青皮,3克,冬瓜皮,6克,茯苓皮,12克,当归,6克,厚朴,3克,枳壳,3克,砂仁,3克,泽泻,4.5克,车前子,6克,鲜姜皮,3克
白石脂,1两,乌贼鱼骨,1两,槟榔,1两
三棱,1两,白术,1两,肉桂,0.5两,青皮,1两,木香,0.5两,芎?,2分,枳壳,3分,槟榔,2分,人参,1两,附子,1两,干姜,3分,甘草,0.5两,当归,3分,厚朴,1两,吴茱萸,0.5两
干漆,0.5两,熟干地黄,1两,山萸肉,0.5两,五味子,0.5两,牛膝,1两,白术,0.5两,续断,0.5两,蛇床子,0.5两,甘草,0.5两,肉桂,0.5两,肉苁蓉,1两,石斛,1两,菟丝子,1两,巴戟天,0.5两,酸枣仁,0.5两,柏子仁,0.5两,薏苡仁,0.5两,鹿茸,1两
香附,1两,蒲黄,1两
珍珠,6.0g,硼砂,300.0g,寒水石,50.0g,青黛,6.0g,冰片,20.0g
金箔,15片,牛黄,0.5钱,麝香,0.5钱,冰片,1钱,珍珠末,1钱,火硝,1钱,硼砂,1钱,朱砂,1两,甘草末,2两
薏苡仁,70克,制附子,25克,甘草,30克,赤芍,20克,黄芪,30克,党参,20克,当归,15克,卷柏,12克,川木通,10克,秦艽,18克,海风藤,10克,鸡血藤,12克,乳香,10克,没药,10克,牛膝,10克
当归,5钱,续断,5钱,骨碎补,5钱,牛膝,5钱,桃仁,5钱,金银花,5钱
半夏,3分,赤苓,1两半,陈皮,3分,川木通,3分,人参,3分,大腹皮,3分,槟榔,1两,紫苏茎叶,1两半,肉桂,3分
郁李仁,12.0g,丹皮,9.0g,红藤,30.0g,生米仁,30.0g,冬瓜子,30.0g,桃仁,5.0g,皂角刺,6.0g,金银花,30.0g,石菖蒲,9节,败酱草,15.0g,紫花地丁,15.0g
桑枝,49寸,柳枝,49寸,桃枝,49寸,槐枝,49寸,榆枝,49寸,枸杞枝,49寸
防风,None,荆芥,None,川羌,None,独活,None,川芎,None,甘草,None,干姜,None,白芍,None,大枣,None
半夏,1钱5分,真藿香,1钱,干姜,1钱,甘草,5分,茯苓,1钱,陈皮,1钱,白术,1钱
白花蛇舌草,15.0g,丹参,15.0g,夏枯草,10.0g,因基黄,10.0g,土茯苓,20.0g,茵陈蒿,15.0g,考山栀,10.0g,黄柏,10.0g,川木通,10.0g,甘草,5.0g
黄芪,15.0g,桂枝,9.0g,白芍,24.0g,白术,12.0g,茯苓,10.0g,薏苡仁,12.0g,厚朴,10.0g,公丁香,3.0g,连翘,12.0g,蒲公英,15.0g,白芨,10.0g,海螵蛸,12.0g,甘草,10.0g
白术,3分,陈皮,0.5两,甘草,1分,白豆蔻,0.5两,高良姜,0.5两,茯神,1两
狼毒,2两,附子,1两,半夏,1两,芜花,0.5两,木香,1两,槟榔,1两
升麻,3两,大黄,3两,黄连,3两,甘草,3两,黄柏,3两,白芍,6两,白鸭通,5合,黄芩,4两,栀子仁,14枚,竹叶,1升,淡豆豉,1升
生地,0.5两,蒲黄,1分,干姜,1分
黄柏,20.0g,苍术,20.0g,苦参,30.0g,白矾,30.0g,紫草,30.0g,徐长卿,30.0g
独活,1两1分,防风,1两1分,黄芪,1两1分,甘草,1两1分,玄参,1两,苦参,1两,川芎,1两,秦艽,1两,白术,1两1分,松香,1两1分,蛇床子,3分,黄连,1两半,白芥子,1两半,天冬,1两半,丹参,1两,人参,1两,防己,1两,白芍,1两,白敛,1两,细辛,1两,肉桂,None,蒴藋,1两,蒺藜,1两1分,白胶香,1两1分,麻黄,1两,杏仁,1两,川木通,1两,甘菊花,1两,白芷,1两,山萸肉,1两1分,生干地黄,2两,地骨皮,1两1分,石菖蒲,1两1分,磁石,3两,入酒中淬,None,远志,1两
当归,200.0g,川芎,100.0g,桃仁,100.0g,红花,100.0g,王不留行籽,100.0g,大黄,100.0g,青黛,100.0g,赤芍,50.0g,白芥子,50.0g,山栀子,50.0g,江南香,50.0g,乳香,15.0g,没药,15.0g,肉桂,15.0g
麻黄,10.0g,枇杷叶,10.0g,炙紫菀,15.0g,款冬花,15.0g,炙白前,15.0g,桑白皮,15.0g,葶苈子,10.0g,白芥子,10.0g,苏子,10.0g,莱菔子,10.0g,五味子,10.0g,菟丝子,10.0g,川贝,10.0g,法夏,10.0g,陈皮,10.0g,杏仁,15.0g,桔梗,15.0g
蝉蜕,None,谷精草,None,蒺藜,None,菊花,None,防风,None,草决明,None,密蒙花,None,川羌,None,黄芩,None,蔓荆子,None,山栀子,None,甘草,None,川芎,None,木贼,None,芥穗,None
厚朴,1两半,陈皮,1两,附子,1两,诃黎勒皮,1两,当归,3两,肉豆蔻,3两,吴茱萸,1分,木香,0.5两,桔梗,0.5两,甘草,1分
车前草,30.0g,地耳草,30.0g,鸡骨草,30.0g
当归,1两,干姜,1两,附子,1两,人参,1两,甘草,1两,细辛,1两,白芍,1两
附子,1两,熟干地黄,1两,当归,1两,肉苁蓉,None,柴胡,1两,黄芪,1两,白芍,3分,人参,3分,茯苓,3分,芎?,3分
杏仁,1两,肉桂,1两,厚朴,2两,人参,1两,诃子,1两,白术,3分,甘草,0.5两,干姜,3分,陈皮,1两,附子,1两,茯苓,1两
附子,9克,白术,9克,白芍,9克,桂枝,6克,甘草,4.5克,青皮,4.5克,陈皮,4.5克,当归,12克,鸡血藤,15克
益母草,8两,香附末,2两,人参,2两,嫩黄耆,3两,白术,3两,茯苓,3两,粉甘草,3两,陈皮,3两,熟地,3两,当归身,3两,川芎,2两,白芍,2两,远志,2两,酸枣仁,3两,莲子,2两
川芎,1.0g,当归,1.0g,白芍,1.5g,大黄,1.0g,连翘,1.5g,薄荷,1.0g,麻黄,1.0g,石膏,2.0g,桔梗,1.5g,黄芩,1.5g,白术,1.5g,栀子,1.5g,荆芥,1.0g,滑石,1.5g,防风,1.0g
肉桂,2钱,白术,2两,茯苓,1两,薏苡仁,1两,橘核,1钱
苍术,None,厚朴,None,陈皮,None,甘草,None,白术,None,茯苓,None,半夏,None,神曲,None,山楂,None,泽泻,None
半夏,0.0g,陈皮,0.0g,枳实,0.0g,茯苓,0.0g,党参,0.0g,大腹皮,0.0g
大黄,1两,干漆,1两,肉桂,1两,生干地黄,1两,干姜,0.5两,当归,3分
半夏,12.0g,川贝,10.0g,川芎,12.0g,丹参,18.0g,苏子,12.0g,菜菔子,12.0g,鳖甲辛,8.0g,枳实,12.0g,厚朴,12.0g,陈皮,15.0g,桂枝,10.0g,干姜,10.0g,百术,12.0g,茯苓,15.0g,甘草,8.0g
葶苈子,None,杏仁,None,双仁,None,川贝,None,百合,None,麦冬,None,生干地黄,None
怀生地黄,120克,山药,60克,丹皮,45克,茯苓,30克,山萸肉,60克,破故子,60克,益智仁,30克,人参,30克,肉桂,1.5克
人参,5钱,杏仁,5钱,肉苁蓉,5钱,杜仲,5钱,牛膝,5钱,石斛,5钱,枸杞子,5钱,菊花,5钱,菟丝子,5钱,当归,5钱,熟地,5钱,黄柏,5钱,青葙子,5钱,枳壳,5钱,茯苓,5钱,蒺藜,5钱,草决明,5钱,山药,5钱,犀角,4钱,防风,4钱,羚羊粉,4钱,天冬,1两5钱,麦冬,1两5钱,川芎,3钱5分,黄连,3钱5分,五味子,3钱5分,甘草,3钱5分,知母,1两
桔梗,1两,连翘,1两,黄芩,1两,薄荷,5分,甘草,5分,川芎,5分,栀子,1个
白术,1钱5分,茯苓,2钱,猪苓,2钱,泽泻,2钱,川木通,2钱,栀子,3钱,黄芩,2钱,白芍,3钱,甘草,8分
当归,20.0g,川芎,10.0g,桃仁,10.0g,干姜,3.0g,甘草,6.0g
青黛,10.0g,焦栀,10.0g,黄芩,10.0g,丹皮,15.0g,瓜壳,15.0g,青蒿,20.0g
干姜,4两,生干地黄,2两,麦冬,2两,蒺藜,2两,肉桂,2两,续断,2两,甘草,1两
川芎,1钱,当归,2钱,山药,1钱,干姜,5分,甘草,5分
防风,2两,薏苡仁,2两,麻黄,None,掠去沫,4两,白术,1两,芎?,1两,细辛,1两,川羌,1两,茵芋,1两,牛膝,None,酒浸,None,狗脊,1两,萆薢,1两,附子,1两,杏仁,1两,天麻,1两,肉桂,1两
远志,None,莲子,1两,晋矾,1两,桑螵蛸,1两,益智仁,None,真韭子,1两,菟丝子,2两,舶上茴香,1两
生山药,1两,玄参,5钱,白术,3钱,生鸡内金,2钱,牛蒡子,3钱
胆星钱半,None,琥珀,7分,牛黄,5分,硼砂,1钱,朱砂,1钱,犀角,1钱,羚羊粉,1钱,薄荷,1钱,珍珠,5分,僵蚕,2钱,防风,2钱,天麻,2钱,全蝎钱半,None,麝香,3分,冰片,2分
蒺藜,None,日收,None
大青叶,1两,黄芩,0.5两,重楼,0.5两,黄药子,0.5两,黄连,0.5两,蔷薇根皮,1两,川升麻,0.5两,天花粉,0.5两,知母,0.5两,石青,0.5两,马牙消,1两
人参,1钱,甘草,1钱,干姜,1钱,茯苓,3钱,桂枝,1钱,厚朴,1钱
木香,12.0g,砂仁,12.0g,半夏,15.0g,陈皮,10.0g,白术,15.0g,茯苓,15.0g,党参,30.0g,柴胡,10.0g,白芍,15.0g,枳壳,12.0g,当归,20.0g,元胡,15.0g,甘草,6.0g
麻黄,4两,甘草,3两,干姜,3两,附子,3两,防风,3两,独活,3两,石膏,2两,茯苓,2两,白术,2两,芎?,2两,柴胡,2两,当归,2两,人参,2两,杏仁,40枚,细辛,2两
芜荑,1分,川鹤虱,1分,槟榔,1分,干虾蟆,1分,芦荟,0.5分
生地,30.0g,石膏,30.0g,赤芍,10.0g,丹皮,10.0g,当归,10.0g,荆芥,10.0g,知母,10.0g,苦参,10.0g,蒺藜,15.0g,蝉蜕,30.0g,甘草,5.0g
生鲤鱼,1尾,熟艾,2升,蜂蜜,1升,紫菀,4两,牡蛎,4两,款冬花,1升,杏仁,20枚,淡豆豉,0.5升,射干,2两,细辛,3两,饴,8两,石菖蒲,2两
甘草,18克,生地,18克,生白芍,18克,麦冬,15克,阿胶,9克,火麻仁,9克
川槿皮,12.0g,樟脑,6.0g,硫磺,6.0g,斑蝥,20个
黄芪桑,10.0g,槲寄生,10.0g,猪苓,10.0g,车前子,10.0g,炙鳖甲,10.0g,当归,10.0g,木瓜,10.0g,赤芍,10.0g,穿山甲,10.0g,陈皮,10.0g,鸡血藤,10.0g,香附,10.0g,丹参,15.0g,薏苡仁,15.0g,大腹皮,15.0g,降香,10.0g,茯苓,15.0g,皮白,15.0g,白茅根,15.0g
三棱,1两,木香,1两,甘草,1两,莪术,1两,藿香叶,1两半,乌药,0.5两,小茴香,0.5两,赤苓,3分
龙胆草,2钱,当归,2钱,生地,3钱,泽泻,2钱,川木通,3钱,薏苡仁,3钱,柴胡,1钱,黄芩,3钱,栀子,3钱,莲须,2钱,赤芍,2钱,甘草,1钱
天南星,2两,掘地坑,None,深尺余,None,火煅令红去火,None,安南星在内,None,即以醋沃之,None,瓦盆盖,None,伏时,None,取出洗去灰土,None,朱砂,0.5两,琥珀,2钱,真金箔,10片
地榆,1两,白矾,0.5两
乳香,1钱,硇砂,1钱,轻粉,5分,橄榄核,3枚,樟丹,3分
党参,30.0g,苍术,20.0g,茯苓,20.0g,半夏,18.0g,厚朴,10.0g,陈皮,12.0g,当归,20.0g,黄芪,30.0g,白豆蔻,10.0g,木香,15.0g,藿香,30.0g,桂枝,15.0g,草果,10.0g,柴胡,10.0g,麦芽,20.0g,甘草,6.0g
甘草,0.5两,大黄,0.5两,天花粉,3分
黄连,3两,犀角,3两,牡蛎,2两,淡豆豉,2两,龙骨,4两
乌药,2钱,陈皮,2钱,麻黄,1钱,僵蚕,None,川芎,1钱,枳壳,1钱,甘草,1钱,桔梗,1钱,白芷,1钱,干姜,0.5钱
麻黄,2钱,甘草,2钱,杏仁,2钱,灯心草,10尺,湖南蚌粉,1块
茯神,1两,川羌,1两,龙齿,1两,麦冬,1两,麻黄,1两,蔓荆子,3分,人参,3分,薏苡仁,3分,防风,3分,远志,3分,犀角屑,3分,赤芍,0.5两,甘草,0.5两
柴胡,1两,人参,1两,甘草,0.5两,紫苏茎叶,0.5两,川木通,3分,大腹皮,0.5两,陈皮,0.5两
栀子仁,None,白芷,None
益智仁,0.0g,萆薢,0石,石菖蒲,0.0g,乌药,0.0g,茯苓,0.0g,甘草,0.0g
五倍子,250克,茯苓,250克,紫巴戟,500克,破故子,500克,肉苁蓉,500克,葫芦巴,500克,龙骨,90克,朱砂,90克
竹茹,3两,熟地,3两,人参,1两4钱,白芍,1两4钱,桔梗,1两4钱,川芎,1两4钱,当归,1两4钱,甘草,1两4钱,肉桂,1两4钱
藿香,9.0g,杏仁,9.0g,半夏,9.0g,赤苓,9.0g,苍术,9.0g,党参,9.0g,大枣,0.0g,香薷,9.0g,厚朴,3.0g,木瓜,6.0g,白扁豆,12.0g,砂仁,2.4g,清炙甘草,2.1g,干姜,0.0g
牛黄,0.5两,麝香,0.5两,朱砂,0.5两,龙骨,0.5两,羚羊粉,1分,羊齿,1分,龙齿,1分,蛇蜕,1分
黄芪,3分,黄连,1两,生干地黄,2两,黄柏,0.5两,黄芩,0.5两,犀角屑,0.5两,龙骨,3分,地榆,0.5两,当归,3分
雌黄,1分,雄黄,1分,密陀僧,1分,铅粉,1分,轻粉,1分
川芎,None,荆芥,None,天麻,None,川乌,None,乌药,None,川羌,None,黑牵牛,None,川当归,None,石斛,None,石斛,None
硫黄,0.5两,干漆,1两,蛤壳,2两
茯苓,1两,土茯苓,2两,金银花,2两,当归,1两,紫草,3钱,生甘草,2钱
当归,None,川芎,None,生地,None,熟地,None,白芍,None,牛膝,None,防风,None,荆芥,None,白芷,None,防己,None,忍冬,None,桔梗,None,川羌,None,独活,None,白鲜皮,None,薏苡仁,None,连翘,None,川木通,None,陈皮,None,甘草,None,黄柏,None,知母,None,栀子,None,黄连,None
枳壳,1.5g,柴胡,1.0g
茯苓,3分,白芍,3分,白术,3分,五味子,3分,附子,1枚,细辛,1分,干姜,1分
厚朴花,10.0g,玫瑰花,6.0g,扁豆花,6.0g,绿梅花,6.0g,代代花,6.0g
蟾皮粉,10.0g,雄黄,10.0g,黄连,5.0g,制炉甘石,30.0g,红粉,10.0g,冰片,5.0g
苦参,60.0g,地肤子,30.0g,蛇床子,30.0g,黄柏,20.0g,荆芥,30.0g,生百部,20.0g,陈皮,30.0g,白芷,20.0g,石菖蒲,20.0g,洗/茵陈,20.0g,藿香,30.0g,黄芩,15.0g,陈皮,12.0g,重楼,12.0g,金钱草,30.0g
五谷虫,1两,大虾蟆,1个,山楂肉,2两,莲子,2两,青黛,3钱,胡连,5钱,使君子肉,5钱,麦芽,1两
蛇床子,None,樟脑,None,芦巴子,None,紫稍花,None
石菖蒲,38克,远志,38克,人参,38克,桔梗,38克,牛膝,38克,肉桂,23克,茯苓,53克,附子,30克
醋石榴皮,1两,防风,1两,川羌,1两半,肉桂,1两,白术,1两,天麻,1两,附子,1两,赤苓,1两,牛膝,1两,赤芍,1两,枳壳,1两,山萸肉,1两,羚羊角屑,1两
苏叶,6克,葛根,6克,人参,6克,半夏,6克,前胡,6克,桔梗,4克,木香,4克,枳壳,4克,陈皮,4克,茯苓,6克,甘草,4克,干姜,7克,大枣,1克
秦艽,30克,柴胡,30克,枳壳,22克,桑根白皮,22克,麦冬,30克,葛根,22克
漏芦,2两,白芨,2两,黄芩,2两,麻黄,2两,白薇,2两,枳实,2两,升麻,2两,白芍,2两,甘草,2两,大黄,2两
龙齿,3两,远志,1两,人参,1两,茯神,1两,熟干地黄,1两,甘草,1两,当归,1两,白芍,1两,麦冬,1两,牡蛎,1两
人参,9.0g,白术,9.0g,茯神,3.0g,甘草,3.0g,石菖蒲,3.0g,半夏,9.0g,菟丝子,9.0g,附子,0.3g
当归,1两,川芎,1两,白芍,1两,防风,1两,细辛,1两,菊花,1两,甘草,1两,车前子,1两,蒺藜,1两,白术,1两,川羌,1两,小胡麻,1两,薄荷,1两,大黄,5钱
泽泻,1钱,木香,3分,神曲,4分,半夏,5分,枳实,5分,草蔻,5分,黄芪,5分,益智仁,5分,甘草,5分,青皮,6分,陈皮,6分,川归,7分,茯苓,7分
高良姜,4两,草乌,8两,吴茱萸,1两,白芷,1两,黄柏,1两,肉桂,1两,干姜,1两,香附,1两,辣蓼,1两,苦参,1两,花椒,1两,菊花,2两,薄荷,2两,海桐皮,5钱,益智仁,5钱
当归,1两5钱,真川芎,1两3钱,川羌活,5钱,真蕲艾,7钱,芥穗,8分,黄芪,8钱,白芍,1两3钱,如冬月只用,1两,川贝,1两,紫厚朴,7钱,枳壳,6钱,菟丝子,1两4钱,益母草,1两5钱,甘草,5钱
柴胡,None,黄芩,None,半夏,None,甘草,None,赤苓,None,猪苓,None,泽泻,None,赤芍,None,枳壳,None,厚朴,None
水银,1两,朱砂,5钱,雄黄,5钱,黑矾,6钱,白矾,1两,火消,1两
川芎,1钱,当归,1钱,白芍,1钱,生地,1钱,白术,1钱,柴胡,1钱,香附,1钱,元胡,1钱,黄芩,8分,三棱,8分
羊肾,1具,白术,5两,干姜,6两,玄参,4两,泽泻,2两,白芍,3两,茯苓,3两,淡竹叶,2升,生地,1升
当归,1两,五灵脂,1两,川芎,1两,高良姜,1两,生地,1两,入一椽头沙盒内,None,赤石脂泥缝纸筋,None,盐泥固济,None,封合,None,炭火,10斤,煅通红,None,去火候冷,None,开取盒子,None,看成黑糟,None,乃取出细研,None,百草霜,5两,硫黄,1钱半,乳香,1钱半,花蕊石,1钱,琥珀,1钱
白芍,18.0g,当归,20.0g,黄连,12.0g,黄柏,12.0g,木香,15.0g,槟榔,15.0g,桂枝,12.0g,白头翁,20.0g,车前子,20.0g,蒲公英,30.0g,红藤,20.0g,薏苡仁,30.0g
黄芪,2两,当归,2两,生干地黄,2两,人参,1两,茯苓,1两,白芍,1两,五味子,1两,牛膝,None,陈皮,1两,麦冬,1两,枳壳,1两,甘草,1两,柴胡,1两半
禹余粮石,2两,醋淬,None,别研细,None,乌鱼骨,0.5两,鹿茸,1两,白龙骨,1两,附子,1枚
白晒参,20.0g,黄芪,30.0g,白术,15.0g,当归,20.0g,陈皮,10.0g,升麻,10.0g,柴胡,10.0g,甘草,10.0g,川芎,12.0g,砂仁,10.0g,木香,12.0g,半夏,12.0g
厚朴,120克,乌梅,60克,半夏,60克,青皮,60克,良姜,60克,草果,30克,甘草,15克
党参,0.0g,黄芪,0.0g,当归,0.0g,茯苓,0.0g,熟地,0.0g,麦冬,0.0g,女贞子,0.0g,菟丝子,0.0g,砂仁,0.0g,赤芍,0.0g,丹参,0.0g,郁金,0.0g,柴胡,0.0g,枸杞子,0.0g
白豆蔻,2两,厚朴,1两,香附,1两,甘草,5两,砂仁,4两,青皮,None,陈皮,None,公丁香,4两,木香,3两
水牛角类粉,0.1g,鲜牛胆汁,0.1g,牛粉肠干粉,0.1g
菜菔子,None,大黄,None,芒硝,None,蜂蜜,None,120,None
桑叶,18.0g,杏仁,15.0g,连翘,20.0g,枳壳,12.0g,前胡,15.0g,荆芥,12.0g,芦根,30.0g,桑白皮,20.0g,桔梗,12.0g,瓜壳,15.0g,半夏,12.0g,五味子,10.0g,百部,12.0g,甘草,6.0g
土黄,3钱,硇砂,2钱,雄黄,2钱,轻粉,1钱,朱砂,1钱,乳香,1钱,没药,1钱,麝香,None,冰片,None
艾叶,None,麦糵,None
干姜,30.0g,蜂蜜,60毫升
赤石脂,None,干姜,None
党参,6钱,山药,6钱,茯神,6钱,远志,1钱5分,熟地,4钱,酸枣仁,3钱,北味,2钱
黄连,None,黄芩,None,栀仁,None,川木通,None,桔梗,None
厚朴,0.5两,牡蛎,0.5两,白术,0.5两
柴胡,None,白芍,None,熟地,None,山药,None,山萸肉,None,丹皮,None,茯苓,None,泽泻,None
麻黄,1.5g,杏仁,1.5g,桔梗,1.5g,紫菀,1.5g,半夏,1.5g,五味子,1.0g,当归,2.0g,川芎,1.5g,防风,1.5g,白术,1.5g,黄芪,2.0g
柴胡,None,神曲,None,黄芩,None,莪术,None,人参,None,三棱,None,枳实,None,陈皮,None,半夏,None,乌梅,None,青皮,None,茯苓,None,厚朴,None,槟榔,None,甘草,None
郁金,1两,皂角,3枚,巴豆,40个
大乌头,10个,以纸袋盛,None,用乌豆,1千克,蒸一日取出,None,去豆不用,None,牛膝,60克
莲子,10个,公丁香,10枚
炙椿皮,9.0g,茯苓,9.0g,黄连,6.0g,炒干姜,6石,榴皮,6.0g,防风,5.0g,广木香,9.0g,炙粟壳,9.0g,元胡,4.0g
密陀僧,4两,樟丹,4两,自然铜,4两,蜂蜡,4两,猪油,4两,乳香,1两,没药,1两,松香,1斤,麻油,1斤
桃仁,10.0g,乌药,10.0g,丹皮,10.0g,薏苡仁,30.0g,冬瓜子,30.0g,败酱草,30.0g,蒲公英,30.0g,赤芍,15.0g,木香,6.0g
川木通,5分,滑石,5分,牵牛头末,2钱5分
党参,15.0g,－黄芪,20.0g,黑蒲黄,10.0g,五灵脂,10.0g,白术,10.0g,益母草,10.0g,白芍,15.0g
桂心末,40钱,公丁香,1钱,肉桂,2钱,糯米,2合
陈鹿胶,1钱5分,何首乌,2钱,当归,2钱,茯苓,2钱,白术,1钱,陈皮,1钱,半夏,1钱5分,川贝,2钱,砂仁,1钱,党参,4钱,苏梗,1钱5分,大枣,2枚,姜,3片
白术,1两,人参,1两,草果,1两,干姜,1两,厚朴,1两,肉豆蔻,1两,陈皮,1两,木香,1两,麦糵,1两,甘草,0.5两
黄芪,30.0g,当归,10.0g,桃仁,10.0g,红花,5.0g,干地龙,10.0g,赤芍,10.0g
樟丹,0.5两,舍上黑煤,0.5两
金银花,5钱,当归,5钱,赤芍,5钱,人参,5钱,桔梗,5钱,黄连,5钱,紫花地丁,5钱,黄芪,5钱,甘草节,5钱,大黄,5钱,檀香,2钱,没药,2钱,黄芩,2钱,玄参,2钱,前胡,3钱,连翘,3钱,栀子仁,1两,麦黑冬,1两,甘草,1两
红大戟,None,细切,2两,干姜,0.5两
白颈蚯蚓,1条,猪牙皂荚,1挺
香附,None,郁金,None,雄黄,None
黄柏,10克,苍术,10克,樗白皮,10克,茯苓,15克,山药,12克,泽泻,12克,使君子,12克,乌梅,6克,胡连,6克,枣猬皮,6克,花椒,5克
豆牛子,2-7枚,麝香,0.5钱
朱砂,1分,麝香,0.5钱,陈石灰,1分,樟丹,1分,猪筒骨,1枚
金银花,20.0g,葛根,15.0g,前胡,15.0g,浙贝,12.0g,桔梗,12.0g,荆芥,12.0g,杏仁,15.0g,紫菀,12.0g,麦冬,15.0g,芦根,30.0g,北沙参,20.0g,陈皮,10.0g,甘草,6.0g
苦参,50.0g,荆芥,30.0g,防风,30.0g,花椒,30.0g,冰片,5.0g
生地,1两,人参,1两,当归,1两,肉桂,1两,麦冬,1两,白芍,2两
芦根,1斤,黄芪,2两,天花粉,2两,牡蛎,2两,知母,3两,生麦门冬,6两
白术,0.5两,干姜,0.5两,半夏曲,0.5两,肉桂,0.5两,当归,0.5两,白豆蔻,0.5两,公丁香,0.5两,甘草,1钱半
连翘,5钱,当归尾,5钱,川羌,5钱,独活,5钱,防风,5钱,赤芍,5钱,小赤豆,5钱,大黄,2钱,木香,3钱,菇荑,3钱,茨菇,3钱,薄荷,3钱,何首乌,3钱,杜白芷,3钱,升麻,3钱,甘草,3钱,忍冬藤,3钱
珍珠,90克,蛤壳,500克,黄柏,500克
九制豨莶草,712g,海风藤,80g,炒苍术,80g,千年健,80g,威灵仙,80g,松节,80g,川牛膝,80g,伸筋草,80g,熟地,80g,桑寄生,80g,制乳没,80g,白术,80g,地枫皮,80g,防风,80g,狗脊,80g,木瓜,80g,防己,110g,秦艽,80g,茜草,80g,独活,80g,川芎,80g,红花,80g,杜仲,80g,玉竹,130g,当归,80g,肉桂,60g,陈皮,80g,续断,80g,麻黄,20g,红糖,4～5kg,白酒,25000ml
柴胡,1两,蕤仁,1两,黄连,1两,川升麻,1两,玄参,1两
建莲肉,2两4钱,西砂仁,6钱,漂白术,1两,人参,1钱,京楂肉,4钱,白芍,4钱,陈皮,4钱,半夏,4钱,茯苓,1两,正雅连,2钱,薏苡仁,6钱,神曲,6钱,甘草,2钱
熟地,5两,山萸肉,None,酒拌蒸,3两,茄茸,1具,山药,3两,五味子,2两
当归,10.0g,白芍,10.0g,桃仁,10.0g,炒山楂,10.0g,益母草,10.0g,丹皮,10.0g,鹿衔草,10.0g,炒地榆,15.0g,党参,15.0g,炮姜炭,5.0g,炒柴胡,5.0g,生甘草,5.0g
驴乳,2升,猪乳,2升
阿胶,2两,山药,1两,茯苓,1两,天冬,1两半,川贝,1两,生地黄汁,1升,生姜汁,1合,蜂蜜,2合,杏仁,1两,尖双仁,None,麸炒微黄,None
莪术,2两,三棱,2两,胡椒,1两,青皮,3两,阿魏,1分
川楝子,1两,马蔺花,0.5两,小茴香,0.5两,莳萝子,0.5两
沉香,2两,黑丑,1斤,五灵脂,8两,皂角,8两,大黄,8两,香附,8两
金银花,20.0g,连翘,20.0g,荆芥,15.0g,薄荷,10.0g,蝉蜕,12.0g,大力,12.0g,芦根,30.0g,淡豆豉,12.0g,桔梗,12.0g,杏仁,12.0g,川羌,12.0g,板兰根,15.0g,瓜蒌,15.0g,甘草,6.0g
乌梅,1两,寒水石,1两,天花粉,1两,石膏,1两,葛根,1两,赤苓,1两,麦冬,1两半,冰片,1钱
当归,2钱,通草,1钱,桃仁,2钱,穿山甲,2钱,怀牛膝,1钱5分,制大黄,2钱5分,中青皮,1钱,骨碎补,2钱,乳香,2钱,没药,2钱,白芷,1钱5分,苏子,1钱,红花,1钱5分,杜仲,2钱,降香,1钱,甘草,1钱,血竭,3钱,三七,1钱5分,地鳖虫,2钱,石南枝头,3钱
白芨,20.0g,醋炒地榆,30.0g
生黄芪,120.0g,当归,12.0g,赤勺,12.0g,地龙,15.0g,桃仁,15.0g,红花,12.0g,川芎,12.0g,丹参,30.0g,鸡血藤,30.0g
藿香,2.0g,半夏,2.0g,厚朴,2.0g,茯苓,2.0g,苍术,2.0g,陈皮,1.5g,党参,2.0g,柴胡,1.0g,枳壳,1.5g,大腹皮,1.5g,陈皮,1.5g
当归,2两,甘草,2两,人参,0.5斤,生干地黄,0.5斤,茯苓,1两,杏仁,1两
桔梗,None,莪术,1.5g,防风,1.5g
人参,180克,黄芪,180克,鹿茸,1个,又切作,10块,龟膏,180克,紫河车,1个,麦冬,120克,五味子,30克,酸枣仁,90克,远志,60克,巴戟天,180克,肉桂,90克,白术,240克,菟丝子,480克,半夏,30克,砂仁,15克,黄连,24克,神曲,30克
炒柴胡,10.0g,元胡,10.0g,广郁金,10.0g,草蔻,10.0g,制半夏,10.0g,枳壳,10.0g,川楝子,10.0g,蒲公英,20.0g,生川军,3.0g,生甘草,3.0g
大黄,2钱,芥穗,5分,川木通,4分,牛蒡子,1钱,丹皮,1钱,紫草,1钱,赤芍,8分,葛根,7分,蝉蜕,4分,青皮,7分,生地,4钱,红花,4分
黄芪,2.0g,b,None,当归,1.0g,b,None,党参,2.0g,b,None,白术,2.0g,b,None,桂枝,1.0g,b,None,附子,1.0g,b,None,半夏,1.0g,b,None,木香,1.0g,b,None,砂仁,2.0g,b,None,白芍,2.0g,b,None,白芨,1.0g,b,None,元胡,1.0g,b炙草,1.0g,b,None
诃子,1两半,桑白皮,2两半
珍珠,3分,玛瑙,5分,珊瑚,5分,琥珀,5分,硇砂,7分,煅熊胆,5分,麝香,3分,冰片,5分,炉甘石,3钱,煅西月石,1钱5分,朱砂,5分,杜荠粉,2钱,滤取细汁,None,澄淀成粉晒干,None,用净粉,2钱
半夏,15.0g,黄芩,12.0g,黄连,10.0g,干姜,6.0g,枳实,12.0g,柴胡,10.0g,党参,20.0g,厚朴,12.0g,木香,12.0g,陈皮,12.0g,大枣,12.0g,甘草,6.0g
破故子,None,酒浸少顷,120克,萆薢,120克,分作,4份,用盐水,30克,用童便,30克,用米泔水,30克,用无灰好酒,None,浸一宿,None,杜仲,120克,胡桃肉,240克,黄柏,120克,知母,90克,牛膝,120克
黄芪,40.0g,黄柏,40.0g,地黄,40.0g,当归,40.0g,象皮粉,40.0g,轻粉,10.0g,丹参,40.0g
甘遂,1两,陈皮,1两,葛花,1两
轻粉,None,干胭脂,None
琥珀,9.0g,白蔹,9.0g,白芷,9.0g,铅粉,9.0g,紫草,9.0g,血蝎,9.0g,煅月石,9.0g,煅枯矾石,9.0g,炉甘石,30.0g,荸荠粉,30.0g,太已丹,30.0g
蒺藜,None,谷精草,None,防风,None,川羌,None,生蛤粉,None
苍术,1钱半,半夏,1钱,天南星,1钱,白术,1钱,黄芩,1钱,香附,1钱,陈皮,0.5钱,茯苓,0.5钱,威灵仙,3钱,甘草,1钱
公丁香,30克,木香,30克,瓜儿血竭,30克,儿茶,30克,熟大黄红花,30克,当归头,60克,莲子,60克,茯苓,60克,白芍,60克,丹皮,15克,甘草,9克
人参,1两,茯苓,1两,车前子,1两,黄芩,1两,大黄,1两,五味子,1两,防风,1两,玄参,1两半
地黄汁,0.5升,生大黄末一方寸匕,None
冰片,4分,人中白,1两,五倍子,1两
附片,20.0g,肉桂,10.0g,赤芍,12.0g,枳实,12.0g,元胡,5.0g,香附,15.0g,川芎,15.0g,当归,15.0g
鹿头肉,0.5斤,蔓荆子,1两,高良姜,0.5两,小茴香,0.5两
狸骨,1两1分,踯躅,0.5两,龙骨,0.5两,王不留行,0.5两,当归,0.5两,土瓜根,0.5两,鼠妇虫,0.5两
麻黄,2两,川贝,1两,桑白皮,1两,柴胡,1两半,杏仁,1两,糯米,1两,款冬花,1两
茯苓,2.4克,泽泻,2.4克,茵陈蒿,2.4克,猪苓,2.4克,黄芩,1.8克,黄连,1.8克,知母,1.8克,天花粉,1.8克,白术,1.8克,防己,0.9克,陈皮,0.9克,青皮,0.9克,苍术,0.9克
大虫魄,6两,石韦,3两,瞿麦穗,4两,冬葵子,1升,茯苓,6两
生地,12克,麦冬,15克,北沙参,12克,白芨,12克,白芍,12克,黄芩,9克,龙胆草,12克,草决,15克,菊花,9克
黄芩,3分,桑根白皮,3分,葛根,1两,麦冬,1两,甘草,0.5两
干漆,1两,湿漆,1两
甘遂,0.5两,葶苈子,1两,细辛,1两半,花椒,2两
竹叶,30克,地骨皮,15克,生地,15克,天花粉,24克,石膏,24克,茯神,12克,玉竹,12克,知母,12克,干姜,12克,生麦门冬,10克
知母,9克,川贝,9克,天冬,9克,麦冬,9克,款花,9克,天花粉,6克,薏苡仁,6克,五味子,6克,甘草,3克,兜铃,3克,紫菀,3克,百合,3克,桔梗,3克,阿胶,12克,当归,12克,地黄,12克,紫苏,4克,薄荷,4克
鹅不食草,None,旱莲草,None,茜草,None,蚕砂,None,白矾,None,大青盐,None,不蛀皂荚,None,诃子,None
羚羊粉,0.5两,百合,0.5两,芎?,0.5两,川木通,0.5两,葛根,0.5两,升麻,0.5两,黄芩,0.5两,石膏,1两,龙齿,3分,防风,3分
鹰爪黄连,7茎,杏仁,7粒,北枣,7枚
秦艽,4分,独活,4分,茯神,4分,山药,4分,山萸肉,4分,藁本,4分
桔梗,3钱,川芎,3钱,天花粉,3钱,麦冬,3钱,甘草,1钱,黄芩,1钱
熟地,None,槟榔,None,陈皮,None,草果,None,当归,None,砂仁,None,甘草,None,柴胡,None
朱砂,2两,犀角屑,1分,西琥珀,1分,玳瑁,1分,南硼砂,1钱,冰片,1钱,牛黄,0.5钱,麝香,0.5钱,人参,3分,茯苓,3分,紫河车,2两,甘草,1两,银箔,5片,茯神,1分,珍珠,1分
大黄,1两,黄连,0.5两,夜明砂,1分,川楝子,1分
鲜麦冬汁,50克,鲜生地汁,50克,干姜,10克,薏苡仁,15克,粳米,50～100克
生附子尖,2个,全蝎,7个,熟硫黄,1钱
苍术,4两,黄柏,2两,当归,2两,薏苡仁,2两,牛膝,2两,萆薢,2两,防己,2两,龟板,2两
白蔹,4分,黄连,4分,大黄,4分,黄芩,4分,菵草,4分,赤石脂,4分,吴茱萸,4分,白芍,4分
芦荟,1两,轻粉,1分
黄连,5钱,玄参,5钱,赤芍,5钱
牛黄,7.5克,水银,7.5克,同结为砂子,None,朱砂,7.5克,犀角屑,7.5克,麝香,4克,全蝎,7.5克,五谷虫,7.5克,天南星,7.5克
白松香,None,淘,None,白占,None
人参,10.0g,麦冬,10.0g,炙五味子,5.0g,丹参,15.0g,郁金,15.0g,三七粉,3.0g
陈皮,2钱,香附,2钱,砂仁,1钱,桔梗,1钱,甘草,1钱
不灰木,2钱,阳起石,1钱,阿魏,1钱,白丁香,1钱半,朱砂,1钱半,乳香,1钱半,轻粉,1钱半,硫黄,1分,巴豆,4.5g
甘遂,1两,川芎,1分
金银花,30.0g,连翘,20.0g,荆芥,10.0g,薄荷,10.0g,蝉蜕,10.0g,桔梗,12.0g,杏仁,12.0g,前胡,15.0g,芦根,30.0g,百部,12.0g,黄芩,12.0g,玄参,15.0g,僵蚕,12.0g,甘草,6.0g
半夏,None,天南星,None,橘红,None,枳壳,None,甘草,None,赤苓,None,海浮石,None,干姜,None
葶苈子,1两,泽泻,1两,猪苓,0.5两,椒目,0.5两,桑根白皮,0.5两,杏仁,0.5两,黑丑,0.5两
茯苓,1两,人参,1两,白芍,1两,山栀子,1两,甘草,1两,紫苏,1两,麦冬,1两,瞿麦,1两,连翘,2两
当归,12.0g,酒川芎,12.0g,黄芩,12.0g,桃仁,12.0g,赤芍,15.0g,蔷薇花,15.0g,红花,9.0g,川乌,6.0g,草乌,6.0g
莲子,None,茯苓,None,龙骨,None,天冬,None,柏子仁,None,麦冬,None,当归,None,酸枣仁,None,远志,None,紫石英,None,乳香,None,龙齿,None
芦荟,2钱,龙胆草,2钱,木香,2钱,蚵蚾,2钱,人参,2钱,麦芽,2钱,使君子肉,2钱,槟榔,3钱,黄连,3钱,白芜荑,3钱,胡连,5钱
人参,10.0g,黄芪,40.0g,当归,6.0g,陈皮,6.0g,五味子,3.0g,桂枝,5.0g,灸甘草,6.0g
党参,15.0g,甘草,10.0g,北沙参,20.0g,麦冬,15.0g,五味子,15.0g,生龙牡,30.0g,磁石,20.0g,大枣,5枚,苦参,10.0g
当归,1两,巴戟天,1两,肉苁蓉,1两,杜仲,1两,人参,1两,沉香,1两,小茴香,1两,破故子,1两,石菖蒲,1两,大青盐,1两,川木通,1两,山萸肉,1两,石斛,1两,天冬,1两,熟地,1两,陈皮,1两,狗脊,1两,菟丝子,1两,牛膝,1两,酸枣仁,1两,覆盆子,1两,枸杞子,2两,花椒,7钱,神曲,2两,白豆蔻,3钱,木香,3钱,砂仁,5钱,大茴香,5钱,益智仁,5钱,乳香,5钱,虎骨胫,2两,淫羊藿,4两,糯米,1升,大枣,1升,干姜,2两,远志,1两,新山药,4两,小黄米明流烧酒,70斤
麻黄,2分,杏仁,0.5两,尖双仁,None,赤芍,0.5两,川贝,0.5两,石膏,1两,柴胡,0.5两,葛根,0.5两,甘草,0.5两
人参,1两,杜仲,1两,川芎,1两,熟地,1两,放术,1两,菟丝子,1两,黑艾叶,7钱半,甘草,5钱,鹿茸,1两,茯苓,1两,当归,1两,花椒,5钱,大黄耆,2两,白芍,2两,香附,None,商,None,阿胶,1两,白绒鸡,1尾
白芍,None,当归,None,生地,None,熟地,None,黄芩,None,槐角,None,地榆,None,皂角仁,None,秦艽,None,防风,None,黄柏,None,甘草,None,赤石脂,None
独活,0.5两,芥穗,1两
生地,20.0g,枸杞子,20.0g,何首乌,30.0g,泽泻,12.0g,黄芪,20.0g,天花粉,15.0g,葛根,15.0g,川芎,10.0g,丹参,30.0g,益母草,15.0g,水蛭,10.0g
川升麻,1两,白药子,1两,前胡,1两,石膏,1两,羚羊角屑,None,甘草,0.5两,玄参,3分,麦冬,1两半,川朴消,2两
木香,30克,肉豆蔻,20克,人参,30克,附子,60克,当归,60克,干姜,30克,甘草,15克,陈皮,None,苍术,60克,吴茱萸,15克,厚朴,60克,涂生姜汁,None
独活,3分,雄黄,0.5两,青黛,1分,麻黄,None,先煎,None,掠去沫,0.5两,水银,1分,雄黄点醋同研,None,阿魏,1分,雷丸,0.5两,朱砂,0.5两,滑石,0.5两,胆矾,1分,牛黄,1分,紫石英,1分,斑蝥,40枚,去翅足,None,斑蝥,40枚,走翅足,None
白芷,1钱,当归,1钱,川芎,1钱,陈皮,1钱,厚朴,1钱,苍术,1钱,白芍,1钱,枳壳,1钱,桔梗,1钱,半夏,1钱,肉桂,5分,麻黄,8分,甘草,3分,川羌,None,独活,None,牛膝,None
川乌头,0.5两,甘草,0.5两,细辛,0.5两,花椒,0.5两,干姜,1两,赤苓,2两,防风,2两,当归,1两,秦艽,1两半,附子,1两半,肉桂,1两半,赤芍,1两半,独活,2两,牛膝,1两半
白术,1两,白芍,3分,人参,1两,甘草,0.5两,当归,1两,半夏,0.5两,肉桂,3分,附子,1两,黄芪,1两
白芍,15.0g,当归,9.0g,丹皮,9.0g,冬瓜子,15.0g,木香,3.0g,薏苡仁,15.0g,赤苓,9.0g,槟榔,9.0g,桃仁,9.0g,败酱草,9.0g
苍术,1.5g,茯苓,2.0g,薏苡仁,3.0g,茵陈蒿,1.5g,黄芩,2.0g,滑石,3.0g,连翘,2.0g,防风,1.5g,海桐皮,1.5g,三七,1.0g,姜黄,1.0g,血竭,0.5g
黄连,8分,厚朴,6分,阿胶,6分,当归,6分,艾叶,4分,黄柏,4分,干姜,5分
槟榔,4个,全蝎,2个,白芷,4块,草乌,2个,地龙,4钱,青葙子,1合,海桐皮,1钱,枯白矾指大,2块,硫黄指大,2块,麝香,1字
半夏,None,遍去滑,None,捣罗为末,None,姜汁和作饼,3两,公丁香,0.5两,沉香,0.5两,麝香,1钱,冰片,1钱,朱砂,1钱,藿香叶,0.5两,槟榔,2颗,木香,1分,甘草,1分
艾叶,1两,煮干,None,牡蛎,1两3钱,赤石脂,1两半,吴茱萸,1两半,干姜,1两半,龙骨,1两,当归,7钱半,附子,0.5两
大黄,60.0g,细辛,14.0g,山奈,14.0g,山椒,7.0g,冰片,2.0g
川羌,None,川芎,None
白芍,3克,白术,3克,茯苓,1.8克,麦冬,1.8克,生地,1.8克,甘草,0.6克,桔梗,0.6克,地骨皮,2.4克,当归,2.4克,山栀仁,0.9克,黄柏,0.9克
杜藿香,3钱,吴茱萸,2分,小川连,6分,陈皮,2钱,半夏,1钱半,枳壳,1钱半,炒车前,1钱半,赤苓,3钱,细木通,1钱,泽泻,2钱,猪苓,1钱半,六一散,4钱
明乳香末,1钱,鸡蛋清,1个
槟榔,2两,雷丸,2两,贯众,2两,大腹皮,2两,三棱,2钱,莪术,2钱,鹤虱,2钱,木香,2钱,甘草,4两,大黄,10两,轻粉,2钱,黑丑,1两半
白芍,6钱,白术,3钱,煨防风,1钱半,陈皮,1钱,炒黄芩,2钱,葛根,1钱
郁李仁,4两,了,None,捣研如膏,None,看多少入白面,None,滴水和搜,None,硬软得所,None,擀作饼子,None,于,None,木香,0.5两,厚朴,0.5两,肉豆蔻,0.5两,槟榔,0.5两,陈皮,0.5两,诃子,1两,甘草,1分,肉桂,0.5两,麝香,0.5分
忍冬藤,30g,蒲公英,30g,柴胡,15g,黄芩,15g,青香藤,10g,川楝子,10g,陈皮,10g,大黄,10g,芒消,10g
没药,1两,血竭,1两,沉香,1两,麝香,1两,朱砂,1两,木香,0.5两,甘草,2两
樟柳根,3两,红大戟,2两半,甘遂,1两
红粉,34.0g,%轻粉,34.0g,%血竭,13.6g,%朱砂,10.0g,%冰片,6.7g,%麝香,1.7g
白茅根,2两,生地,2两,干姜,1分
白芍,15.0g,柴胡,10.0g,枳壳,12.0g,薤白,12.0g,檀香,10.0g,桂枝,12.0g,半夏,15.0g,苏梗,20.0g,厚朴,15.0g,茯苓,15.0g,白术,15.0g,党参,30.0g,甘草,6.0g
防风,1两,川羌,1两,防己,1两,麻黄,0.5两,黄松木节,1两,肉桂,0.5两,芥穗,0.5两,羚羊角屑,0.5两,桑寄生,0.5两,甘草,0.5两,薏苡仁,0.5两
熟地,20.0g,何首乌,40.0g,枸杞子,20.0g,山药,15.0g,阳起石,15.0g,淫羊藿,5.0g,麻黄,1.0g,黄狗肾粉,1.0g
太子参,30.0g,明参,30.0g,五味子,10.0g,麦冬,15.0g,丹参,20.0g,杏仁,12.0g,桔梗,12.0g,僵蚕,12.0g,通草,10.0g,连翘,20.0g,薄荷,10.0g,甘草,6.0g
白花蛇肉,120克,犀角,30克,青皮,15克,黑丑,45克,炒熟,15克
葛根,2.0g,川牛膝,1.5g
赤芍,1.5g,丹皮,1.5g,地骨皮,2.0g,生地,2.0g,川芎,1.0g,柴胡,1.0g,白芍,2.0g,枳壳,1.5g,青皮,1.5g,木香,1.5g,栀子,1.0g,川楝子,1.0g
苦参,120.0g,全牛膝,60.0g
轻粉,30克,冰片,30克,乳香,20克,没药,20克
花椒,0.0g,吴茱萸,0.0g,肉桂,0.0g,小茴香,0.0g,淡干姜,0.0g
桂枝,1两,独活,1两,防风,1两,白芍,3两,甘草,0.5两
瓜萎仁,1钱,青皮,1钱,石膏,2钱,甘草节,5分,没药,5分,当归,5分,皂角刺,5分,金银花,5分,青橘叶,2匙
金银花,30.0g,连翘,20.0g,荆芥,12.0g,蝉蜕,10.0g,杏仁,12.0g,石膏,30.0g,玄参,15.0g,桔梗,12.0g,前胡,15.0g,芦根,30.0g,百部,12.0g,辛荑,12.0g,甘草,6.0g
黄连,4两,慢火熬成膏,None,蜜,1斤,樟丹,None,龙涎粉,1两
柴胡,None,葛根,None,陈皮,None,半夏,None,茯芩,None,甘草,None,白术,None,苍术,None,川芎,None,黄芩,None
漂茅术,6两,熟西庄,2两,生西庄,2两,黄芩,4两,川厚朴,2两,杏仁,3两,川乌,2两,川羌,2两,枳壳,2两,生甘草,1两,甘草,1两
黄连,10两,蕤仁,3两,杏仁,70个,木贼,7钱,草龙胆,2两
葱白,None,细切,None,烂研,None,白粳米,2合
朴消,None,白矾,None,五倍子,None
生地,15.0g,山药,20.0g,山萸肉,12.0g,肉苁蓉,12.0g,金樱子,15.0g,茯苓,12.0g,天花粉,15.0g,丹参,15.0g,刘寄奴,15.0g,益母草,15.0g,地鳖虫,10.0g
附子,1两,肉桂,1两,白术,1两,白芷,1两,甘草,1两,葛根,1两,人参,1两,陈皮,1两
枸杞子,5钱,黄连,3钱,绿豆,1钱
山萸肉,15.0g,熟地,15.0g,山药,15.0g,茯苓,12.0g,泽泻,10.0g,丹皮,10.0g,桂枝,10.0g,黄柏,10.0g,知母,10.0g,浮小麦,10.0g,黄芪,15.0g,麦冬,15.0g,菊花,12.0g
附子,1两,沉香,1两,肉桂,1两,木瓜,1两半,高良姜,1两
大葱汁,None,香油,None
红花,5钱,黄芪,1两,当归,1两,独活,1两
五味子,5钱,乌梅,5钱,车前子,2两,茯苓,2两,白术,2两,罂粟,3两,醋煮,None
干槐枝,None,鲜槐枝,None,白芷,None,皂角刺,None,骨碎补,None,大青盐,None
人参,2.0g,肉桂,0.5g,川芎,2.0g,熟地,2.0g,茯苓,2.0g,白术,2.0g,甘草,2.0g,黄芪,2.0g,当归,2.0g,白芍,2.0g,干姜,1.0g,大枣,2.0g
白芍,20.0g,麦芽,20.0g
瓜蒌,2升,黄芪,1两,枳壳,1两,人参,0.5两,甘草,0.5两,石膏,1两
白矾,1钱,杏仁,49个,水银,1钱,轻粉,7分,白杨,7个,大风子,49个,京墨,1钱,五味子,49个,核桃,7个
木香,2.0g,砂仁,1.0g,半夏,2.0g,陈皮,1.5g,白术,1.5g,茯苓,1.5g,人参,1.5g,甘草,1.0g,藿香,2.0g,干姜,1.0g,神曲,1.5g
茯苓,120克,干姜,45克,五味子,75克,细辛,75克,甘草,75克,人参,30克
木香,15.0g,半夏,15.0g,陈皮,15.0g,党参,30.0g,苍术,18.0g,槟榔,15.0g,当归,18.0g,黄连,12.0g,白芍,15.0g,马齿苋,24.0g,厚朴,15.0g,甘草,6.0g
硫黄,1分,麝香,1分,鸡子,1枚,皂荚仁,1分,斑蝥,27枚,黑丑,1分
桂枝,0.5两,白芍,0.5两,黄芩,0.5两,甘草,1两
黄芪,3.0g,党参,2.0g,白术,2.0g,当归,2.0g,陈皮,1.5g,升麻,1.0g,柴胡,1.0g,桔梗,1.5g,甘草,1.0g
代赭,0.5两,巴豆,0.5两,纸裹,None,黄连,1分,公丁香,0.5两,五灵脂,1分,麝香,1钱,轻粉,1钱,芦荟,3钱,肉桂,1分
酸枣仁,None,三七,None,当归,1.5g,白芍,1.5g,川芎,1.5g,熟地,1.5g,阿胶,1.0g,人参,1.5g,合欢皮,1.5g,茯神,1.5g,柴胡,1.0g,牡蛎,2.0g,三七,1.0g
柴胡,0.0g,生麻,0.0g,川羌,0.0g,当归,0.0g,知母,0.0g,黄柏,0.0g,龙胆草,0.0g,金银花,0.0g,苍术,0.0g,泽泻,0.0g,丹参,0.0g,车前子,0.0g
穿山甲,2分,牡丹,0.5两,肉桂,0.5两,鬼臼,1两,驴护干,1两,蒲黄,1两,当归,1两,莲子,1两,大黄,0.5两,桃胶,3分,槟榔,1分
蔓荆子,1分,甘草,1两,羊靥,20枚,白敛,0.5两,椒目,1分,小麦面,1两
白术,3分,芦根,3分,草蔻,3分,人参,3分,陈皮,3分,枇杷叶,3分,厚朴,3分
白芍,None,厚朴,None,甘草,None,陈皮,None,大黄,None
银朱,None,轻粉,None,杏仁,None,雄黄,None
糯杆,600.0g,白糖,60.0g
车前子,0.5两,龙胆草,0.5两,谷精草,0.5两,淫羊藿,0.5两,威灵仙,0.5两,藁本,0.5两,芥穗,2钱半,秦皮,2钱半,甘草,2钱半
何首乌,3钱,川牛膝,3钱,枸杞子,3钱,五加皮,2钱,当归身,2钱,石斛,2钱,杜仲,1钱,黄柏,1钱
大黄,1两半,桔梗,1两,黄芩,1两,玄参,1两,羚羊粉,1两,人参,1两,茯苓,1两
黄芪,3克,苍术,3克,升麻,3克,人参,15克,泽泻,15克,神曲,15克,陈皮,15克,白术,15克,麦冬,0.9克,当归身,0.9克,甘草,0.9克,青皮,0.9克,黄柏,None,葛根,0.6克,五味子,9枚
附子,1两,五加皮,1两,磁石,2两,醋淬,None,甘菊花,0.5两,防己,0.5两,葛根,0.5两,羚羊角屑,1两,防风,1两,杏仁,1两,尖双仁,None,薏苡仁,1两,赤芍,0.5两,芎?,0.5两,秦艽,0.5两,麻黄,1两,甘草,0.5两
陈皮,None,三七,6.0g,五味子,10.0g
虎杖,30.0g,麦芽,30.0g,茵陈蒿,30.0g,赤芍,24.0g,丹参,24.0g,黄芩姜半夏,9.0g
鲜绿豆,250.0g,金钱草,60.0g,鸡内金,60.0g,海金砂,60.0g,川牛膝,60.0g
生地,30.0g,丹皮,15.0g,赤勺,15.0g,黄芩,15.0g,生栀子,15.0g,连翘,20.0g,土茯苓,30.0g,滑石,20.0g,防风,12.0g,蝉蜕,12.0g,甘草,10.0g
甜瓜蒂,1枚,生甘草,5分,当归,3钱,乳香,5分,金银花,3钱,青皮,5分,白芷,1钱,没药,5分
肉豆蔻,1个,诃子,2个,没食子,1个,慢火煨焦黄香透,None,木香半皂子大,None
黄芪,1两半,瓜蒌,2两,苦参,2两半,羚羊粉,1两半,黄连,2两,茯神,1两半,泽泻,1两半,桑螵蛸,10枚,牡蛎粉,1两半,鸡膍胵里黄皮,5枚,甘草,1两半
诃子,1两,藿香,1两,肉豆蔻,2个
茯苓,5分,陈皮,2分,附子,2分,白术,2分,半夏,1分,吴茱萸,1分
胆南星,180g,川乌,180g,草乌,180g,地龙,180g,乳香,66g,没药,66g
槐花,None,黄芩,None,陈皮,None,甘草,None,白芍,None,当归,None,连翘,None,丹皮,None
香附,1两,陈皮,0.5两,甘草,3分,紫苏,1两,麻黄,1两,苍术,0.5两,桔梗,1分
党参,30.0g,苍术,20.0g,茯苓,20.0g,半夏,18.0g,陈皮,12.0g,当归,20.0g,黄芪,30.0g,白豆蔻,10.0g,木香,15.0g,柴胡,12.0g,白芍,15.0g,藿香,30.0g,木瓜,15.0g,桂枝,12.0g,白扁豆,20.0g
丹参,3分,刺猬皮,1两,蛇蜕皮,1两,当归,3分,露蜂房,3分,木香,3分,猪后悬蹄甲,1两,鳖甲,3分,炙令黄,None
白术,1两,甘草,1钱,破故子,1钱,砂仁,1粒,茯苓,3钱,芡实,5钱
白矾,None,樟丹,None,穿山甲,None,血余炭,None
土茯苓,24.0g,金银花,24.0g,蒲公英,15.0g,车前子,15.0g,黄柏,9.0g,苦参,9.0g,大黄,9.0g,重楼,9.0g,生甘草,9.0g
熟地,120克,牛膝,120克,黄芪,120克,蜜水拌透,120克,五味子,60克,覆盆子,120克,地骨皮,120克,茯苓,120克,蒺藜,120克,桃仁,120克,胡桃仁,150克,菟丝子,None,次用好酒拌,None,浸半湿时杵成饼,None
茯神,1两,当归,1两,麦冬,1两,人参,0.5两,黄芩,0.5两,草龙胆,0.5两,桃仁,0.5两
黄连末,1斤,生地黄自然汁,1斤,白莲藕汁,1斤,牛乳汁,1斤
独活,None,川芎,None,天麻,None,当归,None,白术,None
龙胆草,15.0g,栀子,10.0g,黄芩,10.0g,柴胡,10.0g,生地,15.0g,车前子,15.0g,泽泻,10.0g,川木通,5.0g,甘草,5.0g,当归,10.0g
人参,None,白术,None,甘草,None,干姜,None,青皮,None,陈皮,None,公丁香,None,附子,None
熟地,15.0g,山药,20.0g,怀牛膝,10.0g,续断,12.0g,威灵仙,12.0g,生杜仲,12.0g,狗脊,12.0g,红花,10.0g,桃仁,10.0g,当归,12.0g,川芎,12.0g,川羌,10.0g,乌药,12.0g,甘草,6.0g,木瓜,10.0g,地龙,10.0g
朱砂,5钱,乳香,1两
何首乌,None,白鲜皮,None,蒺藜,None,甘草,None,当归,None,生地,None,白芍,None,人参,None,黄芪,None,川芎,None
草乌,1个,白姜,None,指大,None,白矾,1钱
金银花,2.0g,连翘,2.0g,薄荷,1.0g,荆芥,1.0g,桔梗,1.5g,前胡,2.0g,杏仁,2.0g,百部,1.5g,紫菀,1.5g,枇杷叶,1.5g,五味子,1.0g,玄参,1.5g,川贝,1.0g,甘草,0.5g
阿胶,1两,茯苓,3分,麦冬,3分,柴胡,3分,甘草,0.5两,黄芩,0.5两,当归,0.5两,芎?,1两
紫花地丁,30.0g,蒲公英,30.0g,太子参,10.0g,白术,10.0g,炙鸡内金,5.0g,山药,10.0g,云茯苓,10.0g,福泽泻,9.0g,车前子,30.0g
玄参,3两,麦冬,2两,生甘草,1两,生丹砂末,3钱,桔梗,5钱,金银花,3两,天花粉,3钱
人参,4两,白术,4两,枳实,3两,山楂,1两5钱,麦芽,1两,陈皮,1两
人参,None,当归,None,白芍,None,茯神,None,茯苓,None,黄芪,None,白术,None,半夏曲,None,五味子,None,熟地,None,麦冬,None,甘草,None,莲子,None,大麦冬,None,桔梗,None
松香,480.0g,乳香,60.0g,没药,60.0g,樟丹,60.0g,葱白,1920.0g,凡士林,0.0g
紫皮大蒜,1只,葱头,1个,醋酸,None
水银,1两,白矾,2两,黑矾,2两,火消,2两,食盐,2两,雄黄,3钱,朱砂,3钱
当归,None,川芎,None,荆芥,None,薄荷,None,白芍,None,红花,None,甘草,None,丹皮,None,桔梗,None,防风,None,栀子,None,黄芩,None,连翘,None,白芷,None
麻黄,10g,川羌,10g,独活,10g,川乌,10g,草乌,10g,八里麻,1g,桂枝,10g,黄芪,20g,川牛膝,12g,木瓜,12g,威灵仙,12g,鸡血藤,10g,细辛,3g,制附块,10g,伸筋草,10g,寻骨风,10g,苍耳子,10g,秦艽,10g,桑寄生,10g,甘草,10g
白术,6分,干姜,6分,人参,6分,厚朴,6分,肉桂,6分,细辛,6分,茯苓,6分,当归,6分,茯神,6分,积实,6分,五味子,6分,附子,6分,吴茱萸,6分,远志,5分,旋覆花,4分,泽泻,5分
白术,1两,细辛,1两,附子,1两,桔梗,1两,干姜,0.5两,川乌头,1两
白芨,1两,猪脂油,6两,芸香,4两,樟脑,4两,轻粉,2钱,乳香,2钱,没药,2钱,儿茶,2钱,冰片,5分
熟地,1钱,南芎,1钱,白芍,1钱,茯苓,1钱,当归身,1钱,干姜,5分,石菖蒲,7分,黄芪,7分,人参,7分,甘草,3分
鳖甲,1两半,诃黎勒皮,1两半,郁李仁,1两半,赤苓,1两半,桑根白皮,1两,吴茱萸,None,槟榔,4个
干蟾,1枚,煎令熟,None,以后于乳钵内并酒,None,时,None,研令如膏,None,肉豆蔻,2枚,槟榔,1两,甘草,1寸,乳香,0.5两,朱砂,1两,麻黄,0.5两,轻粉,1钱,胡连,0.5两,黄连,0.5两,公丁香,1分,芦荟,1分,麝香,1钱,牛黄,1钱
钟乳石,3钱,牛黄,3钱,麝香,6分,冰片,6分,蟾酥,0.5分,鸦片,0.5分,珍珠,3钱,朱砂,3钱
熟地,4钱,枸杞子,2钱,肉桂,3分,杜仲,3钱,当归,2钱,菟丝子,3钱,山萸肉,1钱半,怀牛膝,5钱
菟丝子,15.0g,茯苓,15石,白芍,15.0g,黄精,10.0g,吴茱萸,10.0g,杜仲,10.0g,党参,10.0g,公丁香,6.0g
儿茶,None,血竭,None,乳香,None,没药,None,巴豆,None,木香,None
楮实子,300克,微炒,None,牛膝,250克,干姜,90克,肉桂,150克,附子,60克,石斛,60克,巴戟天,60克,麋角屑,60克,微炒,None
白茅根,1分,人参,1分,厚朴,0.5两,香薷,1两
干姜,5两,白芍,5两,生地,5两,甘草,5两,芎?,5两,大枣,30个
麻油,4两,鸡子黄,3个,血余炭,5钱,蜂蜡,5钱,冰片,3分
生干地黄,4两,当归,1两,肉桂,1两,熟干地黄,1两
白芷,30克,草乌,15克,心白者用,None,雄黄,4.5克
熟地,240克,山萸肉,120克,山药,120克,丹皮,None,泽泻,None,浙茯苓如克,None,磁石,60克,石菖蒲,45克,五味子,15克
木香,5钱,当归,2两,川芎,2两,益母草,3两,枳壳,1两,冬葵子,1两,陈皮,1两,甘草,5钱
川芎,1斤,天麻,4两
人参,1两,白术,2两,麦冬,1两,半夏,3钱,肉桂,1钱
甘蔗汁,None,生姜汁,None,葛根汁,None
杏仁,3.0g,甘遂,3.0g,枯矾,5.0g,草乌,5.0g,轻粉,6.0g
附子,1两,花椒,1两,肉桂,2两,赤石脂,2两,黄连,2两,人参,2两,干姜,2两,茯苓,2两,大麦糵,2两,陈面,2两,石斛,2两,当归,2两,钟乳石,3两
槟榔,1两,旋覆花,0.5两,犀角屑,1两,肉桂,0.5两,紫苏茎叶,1两,赤苓,1两,川木通,0.5两,陈皮,1两,前胡,1两,桑根白皮,1两,白前,0.5两,甘草,0.5两
人参,1.0g,海螵蛸,2.0g
柴胡,6.0g,甘草,5.0g,甘松,8.0g,连翘,10.0g,枳实,10.0g,丹参,10.0g,白芷,10.0g,元胡,10.0g
石亭脂,1两,附子,0.5两
桃仁,12.0g,红花,10.0g,当归,20.0g,川芎,18.0g,白芍,15.0g,熟地,20.0g,黄芪,40.0g,桂枝,15.0g,党参,30.0g,甘草,10.0g,柴胡,12.0g
草果,None,附子,None
生地,None,赤苓,None,川木通,None,麦冬,None
茯神,6分,铁粉,6分,人参,6分,龙齿,6分,栀子仁,6分,黄芩,6分,升麻,6分,门冬子,3分
白芍,9.0g,甘草,9.0g
雄黄,3分,白附子,3分,天南星,None,牛黄,1分,麝香,1钱,蛜蜥,0.5两,僵蚕,0.5两,天麻,2两,白花蛇肉,1两
附子,2个,以上者,None,须得正坐好者,None,炮裂,None,硇砂,None,木香,7钱半,荜茇,1两,破故子,1两
藿香叶,None,厚朴,None,半夏,None,甘草,None,苍术,None,陈皮,None
吴茱萸,1两8钱,母丁香,1两2钱,上桂心,8钱,硫黄,5钱,麝香,4钱
杜蘅,2两半,蛇衔,2两,地榆,2两,生地,2两半,干姜,0.5两,花椒,0.5两,肉桂,0.5两,当归,1两半,芎?,1两半,人参,1两,肉苁蓉,1两半,去皴皮,None,甘草,1两,赤芍,1两半,附子,1两
当归,12克,益母草,9克,泽兰,9克,白芷,9克,芥穗,6克,川羌,6克,川芎,4.5克,柴胡,4.5克,柴胡,4.5克,蝉蜕,3克
苦参,1钱5分,生地,2钱,黄柏,5分,当归,1钱,秦艽,1钱,蒡子,1钱,赤芍,1钱,蒺藜,1钱,丹参,1钱,丹皮,1钱,金银花,1钱,川贝,1钱,菊花,3钱
绿石,200.0g,肉桂,25.0g,陈石灰,0.0g
神曲,4.5克,生莱菔子,4.5克,黄芩,4.5克,半夏,4.5克,茯苓,4.5克,山楂,4.5克,茅山术,4.5克,黄连,4.5克
野菊花,30.0g,大青叶,30.0g,马齿苋,30.0g,金银花,15.0g,紫草,15.0g,玄参,10.0g,赤芍,10.0g,川楝子,10.0g,番泻叶,3.0g,甘草,3.0g
黄芪,3.0g,白术,3.0g,防风,2.0g,当归,2.0g,川芎,1.5g,薏苡仁,2.0g,土茯苓,2.0g,白芷,1.5g,苍术,1.5g,蒲公英,2.0g,黄柏,1.0g
三棱,1两,当归,1两,萆薢,1两,陈皮,1两,厚朴,1两,涂生姜汁,None,肉桂,1两,赤苓,3分,木香,3分,槟榔,1两
芦荟,2两,砂仁,2两,神曲,2两,胡连,2两,大黄,2两,山楂,2两,槟榔,2两,麦芽,2两,陈皮,5钱,甘草,5钱,使君子,3两
大青叶,1两,北沙参,1两,川升麻,1两,大黄,1两,黄芩,0.5两,枳壳,0.5两,生干地黄,3两,川朴消,3分
川羌,2钱半,附子,2钱半,白术,2钱半,甘草,2钱半
良姜,3钱,荜茇,3钱,白芷,3钱,细辛,3钱,蜂窠鹤虱,3钱
苦参,3钱,僵蚕,1钱
玄参,None,陈皮,None,甘草,None,黄连,None,石膏,None,薄荷,None,柴胡,None,当归,None,连翘,None
桂枝,1.5g,赤芍,1.5g,丹皮,1.5g,桃仁,1.0g,当归,2.0g,红花,1.0g,莪术,1.5g,香附,2.0g,青皮,1.5g,薏苡仁,2.0g,蒲公英,3.0g
益智仁,9克,干姜,9克,甘草,9克,小茴香,9克,乌头,15克,干姜,15克,青皮,6克
党参,30.0g,白术,12.0g,茯苓,12.0g,麦冬,15.0g,桔梗,12.0g,杏仁,15.0g,鱼腥草,20.0g,桑白皮,30.0g,蒲公英,20.0g,连翘,20.0g,丹参,15.0g,丝瓜络,15.0g,紫菀,12.0g,金银花,30.0g,甘草,6.0g
黄连,2.0g,黄芩,2.0g,黄柏,2.0g,栀子,1.5g,半夏,2.0g,大黄,1.5g,木香,1.5g,柴胡,1.5g,陈皮,1.5g,白芍,1.5g
白术,3两,大青盐,0.5两,白矾,0.5两,黄连,1两,黄芩,1两,细辛,1两,川芎,1两,茵芋,1两
人参,250.0g,附子,100.0g,干姜,100.0g,麻黄,100.0g,细辛,50.0g,桂枝,100.0g,白芍,50.0g,五味子,50.0g,葶苈子,100.0g,半夏,100.0g,川贝,100.0g,茯苓,100.0g,白术,100.0g,丹参,250.0g,红花,100.0g,黄芪,250.0g,紫河车,2个,甘草,250.0g
赤何首乌,3两,白何首乌,3两,赤苓,3两,茯苓,3两
穿山甲,5钱,五灵脂,5钱,男子头发,4两
蒲黄,None,生地,None,生甘草,None,赤苓,None
母丁香,5两,沉香,5两,藿香,5两,乳香,1钱,麝香,1钱,甘草,3分,吴茱萸,None,细辛,0.5两,肉桂,0.5两,升麻,1两1分
葵根,1两,赤小豆,1两,土瓜根,1两,麝香,1分
大腹皮,1两,白芷,1两,紫苏,1两,茯苓,1两,半夏曲,2两,白术,2两,陈皮,2两,厚朴,2两,桔梗,2两,藿香,3两,甘草,2两半
蛇胆川贝散,60.0g,青黛,30.0g,白矾,30.0g,蒲黄,30.0g,黄芪,20.0g,冰片,0.0g
石膏,100.0g,云南白药,2.0g,%奴弗卡因,20毫升
冰片,None,芦荟,None,麝香,None,青黛,None,黄连,None,羊子肝,None
当归,2钱,川芎,1钱5分,白芍,1钱,生地,1钱5分,熟地,1钱5分,香附,1钱2分,鳖甲,1钱2分,丹皮,1钱5分,丹参,2钱,续断,1钱5分,秦艽,1钱5分,红花,None
大黄,3钱,水蛭,None,虻虫,None,桃仁,8个
太子参,30.0g,麦冬,10.0g,五味子,15.0g,夏枯草,15.0g,牡蛎,30.0g,龟板,15.0g,鳖甲,15.0g,川贝,15.0g,北沙参,30.0g
乌,None,羽,None
甘草,1两,人参,1两,半夏,1升,肉桂,3两,花椒,3两,小麦,8合,大枣,20枚,干姜,8两,吴茱萸,2升
黄柏,2.0g,苍术,2.0g,藿香,2.0g,茯苓,2.0g,车前子,2.0g,泽泻,1.5g,白芷,1.5g,蒲公英,2.0g,金钱草,2.0g,土茯苓,1.5g
麻黄,12.0g,杏仁,15.0g,紫菀,12.0g,款冬花,12.0g,桔梗,12.0g,半夏,12.0g,陈皮,10.0g,丹参,20.0g,太子参,30.0g,五味子,10.0g,麦冬,12.0g,白术,15.0g,茯苓,15.0g,地龙,15.0g,鱼腥草,20.0g,甘草,6.0g
藜芦,90克,黄连,90克,雄黄,90克,黄芩,90克,松香,90克,猪脂,250克,白矾,150克
川芎,120克,甘草,120克,麻黄,120克,升麻,120克,葛根,420克,赤芍,120克,白芷,120克,陈皮,120克,紫苏,120克,香附,120克
木香,15.0g,砂仁,12.0g,半夏,15.0g,党参,30.0g,白术,20.0g,茯苓,15.0g,陈皮,12.0g,甘草,10.0g,大枣,15.0g,桂枝,15.0g,白芍,18.0g,柴胡,10.0g,山药,15.0g,附片,20.0g
朱砂,1两,白矾,2钱
桂枝,1.5g,茯苓,2.0g,赤芍,1.5g,桃仁,1.5g,当归,2.0g,香附,1.5g,蒲公英,2.0g,薏苡仁,2.0g,青皮,1.5g,元胡,1.5g,川楝子,1.5g
半夏,8钱,川椒炭,6钱,陈皮,5钱,云苓块,6钱,乌梅,4钱,干姜,5钱
生干地黄,None,桃仁,1两1分,芎?,1两,白芷,1两,蒲黄,1两,当归,1两,牛膝,1两,甘草,3分,白芍,3分,牡丹,3分,干姜,3分,人参,3分,肉桂,3分,水蛭,30枚,虻虫,30枚
银朱,1钱,枯矾,3分,麝香,0.5分
款冬花,None,百合,None
党参,2钱,白术,1钱5分,茯苓,1钱5分,干姜,1钱,半夏,1钱5分,陈皮,1钱,甘草,1钱
人参,5两,葛根,5两,甘草,5两,木香,3两,麝香,1钱,茯苓,2两
雌黄,1两,大青盐,1两
麻黄,15.0g,石膏,50.0g,杏仁,15.0g,连翘,15.0g,桔梗,15.0g,紫菀,15.0g,款冬花,15.0g,浙贝,15.0g,地龙,15.0g,荆芥,15.0g,葶苈子,12.0g,苏子,12.0g,甘草,10.0g
巴豆,120粒,轻粉,1两,金箔,10片,朱砂,2钱,蜂蜡,0.5两
生煎耆,1两,当归,5钱,桂圆肉,5钱,真鹿角胶,3钱,丹参,3钱,明乳香,3钱,明没药,3钱,甘松,2钱
肉桂,0.2g,桂枝,0.6g,细辛,0.2g,何首乌,1.2g,木瓜,18.0g,红花,0.6g,川羌,18.0g,独活,18.0g,白芷,0.6g,乳香,0.2g,没药,0.2g,牛膝,0.8g,白芥子,18.0g,樟脑,0.1g,土元,0.5g
天竺黄,30克,雄黄,3克,朱砂,15克,麝香,15克,天南星,120克,阴干百日,None,只将生者,None
菝葜,1两,贯众,1两,人参,0.5两,甘草,0.5两
川芎,3两,附子,3两,赤小豆,3两,乳香,None,没药,3钱,代赭石,3钱,苏木,3钱,降香,3钱,木鳖子,3钱,草乌,3钱,乌药,3钱
南瓜藤,150.0g,土楝子,30.0g,芒硝,120.0g,地脚粉,500.0g,饴糖,1000.0g,甘油,150.0g
透明硫黄,2两,荞麦面,2两
葛根,9克,栀子,9克,淡豆豉,9克,枳实,9克,甘草,9克
黄连,None,黄柏,None,黄芩,None,栀子,None,细辛,None,干姜,None
苏梗,8分,人参,5分,陈皮,5分,甘草,5分,当归,1钱2分,川芎,7分,白芍,1钱,黄芩,1钱,白术,1钱,枳壳,1钱,大腹皮,3钱,砂仁,6分,去衣,1钱,姜汁炒厚朴,1钱,葱头,5个
淡豆豉,None,甘草,None
金银花,1两,甘草,6两,益母草,1斤
阿魏,5钱,雷丸,1两,天竺黄,7钱5分,芦荟,7钱5分,胡连,1两,麝香,1钱,皂角,1两,乳香,3钱,没药,3钱,硼砂,3钱,朱砂,3钱,硇砂,1钱5分,大黄,1两
川芎,None,当归,None,蒲黄,None
白芷,2两,川芎,2两,甘草,2两
乌梢蛇,9克,独活,9克,藁本,9克,黄柏,9克,白鲜皮,9克,金银花,9克,白芷,6克,甘草,6克
白芍,18.0g,柴胡,12.0g,枳壳,15.0g,夏枯草,20.0g,钩藤,20.0g,龙骨,20.0g,牡蛎,20.0g,当归,18.0g,川芎,15.0g,半夏,15.0g,厚朴,12.0g,陈皮,12.0g,麦冬,15.0g,五味子,10.0g
女贞子,10.0g,枸杞子,15.0g,杜仲,10.0g,破故子,20.0g,菟丝子,10.0g,黄芪,9.0g,茯苓,10.0g,牛膝,6.0g,当归,10.0g,川芎,9.0g,龟板,10.0g,地黄,15.0g
当归,2钱,川芎,2钱,白芍,2钱,熟地,2钱,白术,1钱半,茯苓,1钱半,黄芪,1钱半,甘草,1钱半,阿胶,1钱半,地榆,1钱半,半夏,1钱,艾叶,3分,姜,3片
黄连,6两,吴茱萸,2两,柴胡,2两,青皮,2两,郁金,2两,香附,3两,白芍,4两
山萸,None,吴茱萸,None,马蔺花,None,小茴香,None,青皮,None,木香,None,山药,None,肉桂,None
柴胡,10.0g,枳实,10.0g,三七,10.0g,甘草,10.0g,蒲公英,15.0g,白芍,12.0g,白芨,12.0g
地龙,1两,黑丑,1两,苦参,1两,乌头,4两
金银花,5钱,连翘,5钱,蒲公英,5钱,干生地,5钱,白茅根,5钱,生玳瑁,3-5钱,丹皮,3-5钱,赤芍,3-5钱,黄连,1-3钱,绿豆衣,5钱,茜草,3-5钱,生栀子,2-4钱
防风,1两,连翘,1两,桑根白皮,1两,丹皮,1两,白头翁,1两,黄柏,1两,淡豆豉,1两,独活,1两,秦艽,1两,海藻,3两
冰片,0.5钱,甜瓜蒂,14枚,赤小豆,30粒,黄连,None,大茎,None
黄芩,0.0g,防风,0.0g,野菊花,0.0g,冰片,0.0g
当归,2.0g,牛膝,2.0g,红花,1.0g,生地,2.0g,桃仁,1.5g,枳壳,1.5g,赤芍,1.5g,柴胡,1.0g,甘草,1.0g,桔梗,1.5g,川芎,1.5g
花椒,None,破故子,None,川楝子,None
鳖甲,None,白术,None,黄芪,None,草果,None,槟榔,None,芎?,None,橘红,None,白芍,None,甘草,None,厚朴,None
绿梅花,3.0g,佛手花,3合,欢花,3.0g,玳瑁花,3.0g,玫瑰花,3.0g,八月扎,10.0g,麦冬,10.0g
苦参,None,胖大海,None,当归,None,茵陈蒿,None,独活,None,川木通,None,防已,None,黄柏,None,苏叶,None,苍术,None,知母,None,木瓜,None
松花粉,1升,百合,1升,莲子,1升,山药,1升,薏苡仁,1升,芡实,1升,蒺藜,1升
芦根,0.5两,麦冬,0.5两,人参,0.5两,知母,1两,粟米,1合
四君子,None,二陈汤相合,None,加当归,None,白芍,None,黄连,None
泽泻,15克,滑石,15克,猪苓,15克,海金砂,15克,石韦,3克,净肉桂,3克,白术,9克,甘草,9克,赤苓,9克,白芍,9克
熟干地黄,1两,茜草,3分,白芍,3分,甘草,0.5两,侧柏叶,3分,茯苓,3分,当归,0.5两,杏仁,3分,尖双仁,None,鹿角胶,1分,羚羊角屑,0.5两,黄芩,0.5两,川贝,0.5两
公丁香,2钱,胡椒,1钱,槟榔,1枚
羚羊角屑,1两,栀子仁,0.5两,草决明,1两,芎?,1两,川羌,1两,石膏,1两,柴胡,1两,黄芩,1两,人参,1两,大黄,1两
阿魏,30.0g,硼砂,30.0g,好白干酒,360.0g,猪膀胱,1个
人参,30克,当归,30克,五味子,3克,桑叶,7片
大青叶,1两,黄芩,1两,川升麻,1两,麦冬,1两,栀子仁,1两,甘草,1两
骨碎补,1两,当归,1两半,牡丹,1两,虎胫骨,1两,白芷,1两,川芎,1两,赤芍,1两,败蒲,1两
茯苓,1两,防风,6钱,白术,1两,细辛,3钱,山药,1两,泽泻,4钱,附子,None,紫菀,5钱,独活,5钱,白芍,1两,丹参,5钱,肉桂,5钱,干姜,3钱,牛膝,5钱,山茱萸肉,5钱,黄芪,1两,苦参,3钱
人参,1两,茯苓,1两,附子,1两,木香,0.5两,诃子,None
生黄芪,30.0g,山药,30.0g,葛根,30.0g,胥碎补,30.0g,党参,15.0g,川芎,15.0g,赤芍,15.0g,白芍,15.0g,黄精,15.0g,柴胡,10.0g,蔓荆子,10石,石菖蒲,10.0g
槟榔,None,车前子,None,茵陈蒿,None,白芍,None,木香,None,黄芩,None,黄连,None,青皮,None,防风,None
紫苏,None,桔梗,None,生地,None,薄荷,None,青皮,None,枳壳,None,甘草,None,防风,None,川芎,None,川羌,None,前胡,None,连翘,None,白芍,None,柴胡,None
厚朴,0.5两,陈皮,None,使君子,0.5两,甘草,0.5两,诃黎勒皮,0.5两
熟地,0.0g,大乌梅,0.0g,山药,0.0g,桑寄生,0.0g,五味子,0.0g,润元参,0.0g,肥知母,0.0g,川黄柏,0.0g,瞿麦,0.0g,白茅根,0.0g,蒲公英,0石,生黄芪,0.0g
麝香,1钱,大冰片,1钱,公丁香,1钱,母丁香,1钱,全蝎,7个,蜈蚣,7条,僵蚕,7条,穿山甲,7片,磁石,1钱半,大蜘蛛,7个
薄荷,3钱,甘草,3钱,栀子,3钱,黄芩,3钱,黄连,3钱,大黄,8钱,玄明粉,6钱,连翘,6钱
活鲤鱼,250.0g,赤小豆,200.0g,花生米,1502枚,大蒜,1头,茶叶一小撮,None
白术,3分,赤石脂,3分,犀角屑,3分,干姜,0.5两,厚朴,1两,龙骨,3分,黄连,1两,乌梅,3分,当归,3分,甘草,0.5两
苦参,500克,荆芥,375克,白芷,180克,大风子肉,180克,防风,180克,皂角,150克,川芎,150克,当归,150克,何首乌,150克,大胡麻,150克,枸杞子,150克,牛蒡子,150克,威灵仙,150克,全蝎,150克,白附子,150克,蒺藜,150克,独活,150克,川牛膝,150克,草乌,90克,苍术,90克,连翘,90克,天麻,90克,蔓荆子,90克,川羌,90克,青风藤,90克,甘草,90克,杜仲,90克,蕲蛇,60克,砂仁,60克,人参,30克
云南白药,500.0g,元胡粉,1000.0g,维生素B,120.0g,维生素E,20.0g
胆南星,2钱,僵蚕,1钱,地龙,1钱,全蝎,1钱,五灵脂,1钱
大附子,1两,蟾酥,4钱,麝香,5钱,升硫,1钱6分
干胭脂,3钱,白矾,3钱,轻粉,None,白信石,None,樟丹,None,樟脑,None,麝香,None
大蒜,1升,黄酒,4升
麻黄,10.0g,紫苏,15.0g,杏仁,10.0g,细辛,2.0g,荆芥,10.0g,紫菀,10.0g,百部,10.0g,蝉蜕,10.0g,桔梗,10.0g,芦根,20.0g,桑白皮,15.0g,前胡,12.0g,甘草,3.0g
生地,15克,侧柏叶,9克,黄芩,6克,阿胶,6克,甘草,6克
